        0DDDD          TTTTTTTTTTTTT     FFFF5FFFFFFF      SSSSSSSSSSS
        DD   DDD        TTTTTTTTTTT      FFFFFFFFFFF      SSSSSSSSSSS
        DD     DD           TTT          FF               SSS
        DD      DD          TTT          FF                 SSS
        DD      DDD         TTT          FFFFFFFFFF           SSS
        DD      DDD         TTT          FFFFFFFFF              SSS
        DD      DD          TTT          FF                       SSS
        DD     DD           TTT          FF                        SSS
        DD   DDD             T           FF                 SSSSSSSSSS
        DDDDD                T           F                 SSSSSSSSSS



*** This log file includes the shape function matrix.


	Gauss Point [0]
		Location£ºx = 0.500000, y = 0.887296, z = 0.833330
			r = 0.070714 dir = [0.790566 0.000000 0.612377]
		ShapeFunc sf [1~16]:
0.073943	0.073943	0.369705	0.369705	0.009392	0.009392	0.046960	0.046960	-0.047027	-0.047027	-0.235129	-0.235129	-0.005973	-0.005973	-0.029866	-0.029866	
		Derivative: dsf
-0.073943	0.073943	0.369705	-0.369705	-0.009392	0.009392	0.046960	-0.046960	
-0.221824	-0.221824	0.221824	0.221824	-0.028176	-0.028176	0.028176	0.028176	
-0.041667	-0.041667	-0.208333	-0.208333	0.041667	0.041667	0.208333	0.208333	
		Derivative: dxydsf
-0.147886	0.147886	0.739411	-0.739411	-0.018784	0.018784	0.093920	-0.093920	0.377314	0.189206	0.946008	1.886523	0.047926	0.024033	0.120161	0.239625	
0.083335	0.083335	0.416665	0.416665	-0.083335	-0.083335	-0.416665	-0.416665	-0.053000	-0.053000	-0.264995	-0.264995	0.053000	0.053000	0.264995	0.264995	
-0.443648	-0.443648	0.443648	0.443648	-0.056352	-0.056352	0.056352	0.056352	0.501570	0.501570	0.814891	0.814891	0.063709	0.063709	0.103507	0.103507	

	Gauss Point [1]
		Location£ºx = 0.200000, y = 0.887296, z = 0.933330
			r = 0.465962 dir = [0.729532 0.000000 -0.683947]
		ShapeFunc sf [1~16]:
0.047325	0.011831	0.165628	0.662512	0.006011	0.001503	0.021038	0.084152	-0.002399	-0.000600	-0.008395	-0.033578	-0.000305	-0.000076	-0.001066	-0.004265	
		Derivative: dsf
-0.029578	0.029578	0.414070	-0.414070	-0.003757	0.003757	0.052595	-0.052595	
-0.354918	-0.088730	0.088730	0.354918	-0.045082	-0.011270	0.011270	0.045082	
-0.026668	-0.006667	-0.093333	-0.373332	0.026668	0.006667	0.093333	0.373332	
		Derivative: dxydsf
-0.059156	0.059156	0.828140	-0.828140	-0.007514	0.007514	0.105190	-0.105190	0.016330	0.000335	0.004687	0.228614	0.002074	0.000043	0.000595	0.029038	
0.053336	0.013334	0.186666	0.746664	-0.053336	-0.013334	-0.186666	-0.746664	-0.002703	-0.000676	-0.009461	-0.037844	0.002703	0.000676	0.009461	0.037844	
-0.709837	-0.177459	0.177459	0.709837	-0.090163	-0.022541	0.022541	0.090163	0.023478	0.005869	-0.052739	-0.210955	0.002982	0.000746	-0.006699	-0.026795	

	Gauss Point [2]
		Location£ºx = 0.500000, y = 0.887296, z = 0.633330
			r = 0.180831 dir = [0.234956 0.000000 0.972006]
		ShapeFunc sf [1~16]:
0.162672	0.162672	0.280976	0.280976	0.020663	0.020663	0.035689	0.035689	-0.051133	-0.051133	-0.088319	-0.088319	-0.006495	-0.006495	-0.011218	-0.011218	
		Derivative: dsf
-0.162672	0.162672	0.280976	-0.280976	-0.020663	0.020663	0.035689	-0.035689	
-0.221824	-0.221824	0.221824	0.221824	-0.028176	-0.028176	0.028176	0.028176	
-0.091668	-0.091668	-0.158332	-0.158332	0.091668	0.091668	0.158332	0.158332	
		Derivative: dxydsf
-0.325345	0.325345	0.561951	-0.561951	-0.041325	0.041325	0.071379	-0.071379	0.193800	-0.010731	-0.018534	0.334740	0.024616	-0.001363	-0.002354	0.042519	
0.183335	0.183335	0.316665	0.316665	-0.183335	-0.183335	-0.316665	-0.316665	-0.057627	-0.057627	-0.099537	-0.099537	0.057627	0.057627	0.099537	0.099537	
-0.443648	-0.443648	0.443648	0.443648	-0.056352	-0.056352	0.056352	0.056352	0.518127	0.518127	0.514615	0.514615	0.065812	0.065812	0.065366	0.065366	

	Gauss Point [3]
		Location£ºx = 0.800000, y = 0.887296, z = 0.933330
			r = 0.347187 dir = [-0.618421 0.000000 0.785847]
		ShapeFunc sf [1~16]:
0.011831	0.047325	0.662512	0.165628	0.001503	0.006011	0.084152	0.021038	-0.001282	-0.005130	-0.071811	-0.017953	-0.000163	-0.000652	-0.009121	-0.002280	
		Derivative: dsf
-0.029578	0.029578	0.414070	-0.414070	-0.003757	0.003757	0.052595	-0.052595	
-0.088730	-0.354918	0.354918	0.088730	-0.011270	-0.045082	0.045082	0.011270	
-0.006667	-0.026668	-0.373332	-0.093333	0.006667	0.026668	0.373332	0.093333	
		Derivative: dxydsf
-0.059156	0.059156	0.828140	-0.828140	-0.007514	0.007514	0.105190	-0.105190	0.000370	-0.030582	-0.428123	0.005174	0.000047	-0.003884	-0.054380	0.000657	
0.013334	0.053336	0.746664	0.186666	-0.013334	-0.053336	-0.746664	-0.186666	-0.001445	-0.005781	-0.080933	-0.020233	0.001445	0.005781	0.080933	0.020233	
-0.177459	-0.709837	0.709837	0.177459	-0.022541	-0.090163	0.090163	0.022541	0.026914	0.107654	0.353022	0.088256	0.003419	0.013674	0.044841	0.011210	

	Gauss Point [4]
		Location£ºx = 0.500000, y = 0.500000, z = 0.833330
			r = 0.289231 dir = [0.857497 0.000000 -0.514490]
		ShapeFunc sf [1~16]:
0.041667	0.041667	0.208333	0.208333	0.041667	0.041667	0.208333	0.208333	-0.006545	-0.006545	-0.032722	-0.032722	-0.006545	-0.006545	-0.032722	-0.032722	
		Derivative: dsf
-0.041667	0.041667	0.208333	-0.208333	-0.041667	0.041667	0.208333	-0.208333	
-0.125000	-0.125000	0.125000	0.125000	-0.125000	-0.125000	0.125000	0.125000	
-0.041667	-0.041667	-0.208333	-0.208333	0.041667	0.041667	0.208333	0.208333	
		Derivative: dxydsf
-0.083335	0.083335	0.416665	-0.416665	-0.083335	0.083335	0.416665	-0.416665	0.055847	0.029669	0.148340	0.279229	0.055847	0.029669	0.148340	0.279229	
0.083335	0.083335	0.416665	0.416665	-0.083335	-0.083335	-0.416665	-0.416665	-0.013089	-0.013089	-0.065444	-0.065444	0.013089	0.013089	0.065444	0.065444	
-0.250000	-0.250000	0.250000	0.250000	-0.250000	-0.250000	0.250000	0.250000	0.013613	0.013613	-0.167535	-0.167535	0.013613	0.013613	-0.167535	-0.167535	

	Gauss Point [5]
		Location£ºx = 0.200000, y = 0.500000, z = 0.933330
			r = 0.601131 dir = [0.739344 0.000000 -0.673328]
		ShapeFunc sf [1~16]:
0.026668	0.006667	0.093333	0.373332	0.026668	0.006667	0.093333	0.373332	-0.000569	-0.000142	-0.001992	-0.007966	-0.000569	-0.000142	-0.001992	-0.007966	
		Derivative: dsf
-0.016668	0.016668	0.233332	-0.233332	-0.016668	0.016668	0.233332	-0.233332	
-0.200000	-0.050000	0.050000	0.200000	-0.200000	-0.050000	0.050000	0.200000	
-0.026668	-0.006667	-0.093333	-0.373332	0.026668	0.006667	0.093333	0.373332	
		Derivative: dxydsf
-0.033335	0.033335	0.466665	-0.466665	-0.033335	0.033335	0.466665	-0.466665	0.003917	0.000090	0.001261	0.054833	0.003917	0.000090	0.001261	0.054833	
0.053336	0.013334	0.186666	0.746664	-0.053336	-0.013334	-0.186666	-0.746664	-0.001138	-0.000285	-0.003983	-0.015933	0.001138	0.000285	0.003983	0.015933	
-0.400000	-0.100000	0.100000	0.400000	-0.400000	-0.100000	0.100000	0.400000	0.005616	0.001404	-0.012351	-0.049404	0.005616	0.001404	-0.012351	-0.049404	

	Gauss Point [6]
		Location£ºx = 0.500000, y = 0.500000, z = 0.633330
			r = 0.190827 dir = [0.987760 0.000000 0.155979]
		ShapeFunc sf [1~16]:
0.091668	0.091668	0.158332	0.158332	0.091668	0.091668	0.158332	0.158332	-0.027028	-0.027028	-0.046684	-0.046684	-0.027028	-0.027028	-0.046684	-0.046684	
		Derivative: dsf
-0.091668	0.091668	0.158332	-0.158332	-0.091668	0.091668	0.158332	-0.158332	
-0.125000	-0.125000	0.125000	0.125000	-0.125000	-0.125000	0.125000	0.125000	
-0.091668	-0.091668	-0.158332	-0.158332	0.091668	0.091668	0.158332	0.158332	
		Derivative: dxydsf
-0.183335	0.183335	0.316665	-0.316665	-0.183335	0.183335	0.316665	-0.316665	0.257464	0.149352	0.257967	0.444704	0.257464	0.149352	0.257967	0.444704	
0.183335	0.183335	0.316665	0.316665	-0.183335	-0.183335	-0.316665	-0.316665	-0.054056	-0.054056	-0.093368	-0.093368	0.054056	0.054056	0.093368	0.093368	
-0.250000	-0.250000	0.250000	0.250000	-0.250000	-0.250000	0.250000	0.250000	0.105833	0.105833	-0.018232	-0.018232	0.105833	0.105833	-0.018232	-0.018232	

	Gauss Point [7]
		Location£ºx = 0.800000, y = 0.500000, z = 0.933330
			r = 0.132088 dir = [0.841186 0.000000 -0.540746]
		ShapeFunc sf [1~16]:
0.006667	0.026668	0.373332	0.093333	0.006667	0.026668	0.373332	0.093333	-0.002863	-0.011451	-0.160309	-0.040077	-0.002863	-0.011451	-0.160309	-0.040077	
		Derivative: dsf
-0.016668	0.016668	0.233332	-0.233332	-0.016668	0.016668	0.233332	-0.233332	
-0.050000	-0.200000	0.200000	0.050000	-0.050000	-0.200000	0.200000	0.050000	
-0.006667	-0.026668	-0.373332	-0.093333	0.006667	0.026668	0.373332	0.093333	
		Derivative: dxydsf
-0.033335	0.033335	0.466665	-0.466665	-0.033335	0.033335	0.466665	-0.466665	0.032662	0.059077	0.827040	0.457243	0.032662	0.059077	0.827040	0.457243	
0.013334	0.053336	0.746664	0.186666	-0.013334	-0.053336	-0.746664	-0.186666	-0.005726	-0.022902	-0.320618	-0.080154	0.005726	0.022903	0.320618	0.080155	
-0.100000	-0.400000	0.400000	0.100000	-0.100000	-0.400000	0.400000	0.100000	0.031145	0.124581	-0.832229	-0.208057	0.031145	0.124581	-0.832229	-0.208057	

	Gauss Point [8]
		Location£ºx = 0.500000, y = 0.112704, z = 0.833330
			r = 0.556718 dir = [0.790572 0.000000 -0.612370]
		ShapeFunc sf [1~16]:
0.009392	0.009392	0.046960	0.046960	0.073943	0.073943	0.369705	0.369705	-0.000266	-0.000266	-0.001331	-0.001331	-0.002097	-0.002097	-0.010483	-0.010483	
		Derivative: dsf
-0.009392	0.009392	0.046960	-0.046960	-0.073943	0.073943	0.369705	-0.369705	
-0.028176	-0.028176	0.028176	0.028176	-0.221824	-0.221824	0.221824	0.221824	
-0.041667	-0.041667	-0.208333	-0.208333	0.041667	0.041667	0.208333	0.208333	
		Derivative: dxydsf
-0.018784	0.018784	0.093920	-0.093920	-0.147886	0.147886	0.739411	-0.739411	0.002137	0.001071	0.005357	0.010683	0.016822	0.008435	0.042176	0.084106	
0.083335	0.083335	0.416665	0.416665	-0.083335	-0.083335	-0.416665	-0.416665	-0.002363	-0.002363	-0.011814	-0.011814	0.002363	0.002363	0.011814	0.011814	
-0.056352	-0.056352	0.056352	0.056352	-0.443648	-0.443648	0.443648	0.443648	0.000355	0.000355	-0.007810	-0.007810	0.002797	0.002797	-0.061487	-0.061487	

	Gauss Point [9]
		Location£ºx = 0.200000, y = 0.112704, z = 0.933330
			r = 0.736381 dir = [0.745473 0.000000 -0.666536]
		ShapeFunc sf [1~16]:
0.006011	0.001503	0.021038	0.084152	0.047325	0.011831	0.165628	0.662512	-0.000054	-0.000013	-0.000189	-0.000756	-0.000425	-0.000106	-0.001487	-0.005949	
		Derivative: dsf
-0.003757	0.003757	0.052595	-0.052595	-0.029578	0.029578	0.414070	-0.414070	
-0.045082	-0.011270	0.011270	0.045082	-0.354918	-0.088730	0.088730	0.354918	
-0.026668	-0.006667	-0.093333	-0.373332	0.026668	0.006667	0.093333	0.373332	
		Derivative: dxydsf
-0.007514	0.007514	0.105190	-0.105190	-0.059156	0.059156	0.828140	-0.828140	0.000374	0.000009	0.000128	0.005236	0.002945	0.000072	0.001011	0.041225	
0.053336	0.013334	0.186666	0.746664	-0.053336	-0.013334	-0.186666	-0.746664	-0.000479	-0.000120	-0.001676	-0.006705	0.000479	0.000120	0.001676	0.006705	
-0.090163	-0.022541	0.022541	0.090163	-0.709837	-0.177459	0.177459	0.709837	0.000535	0.000134	-0.001162	-0.004647	0.004216	0.001054	-0.009146	-0.036584	

	Gauss Point [10]
		Location£ºx = 0.500000, y = 0.112704, z = 0.633330
			r = 0.354116 dir = [0.944591 0.000000 -0.328251]
		ShapeFunc sf [1~16]:
0.020663	0.020663	0.035689	0.035689	0.162672	0.162672	0.280976	0.280976	-0.002143	-0.002143	-0.003701	-0.003701	-0.016868	-0.016868	-0.029135	-0.029135	
		Derivative: dsf
-0.020663	0.020663	0.035689	-0.035689	-0.162672	0.162672	0.280976	-0.280976	
-0.028176	-0.028176	0.028176	0.028176	-0.221824	-0.221824	0.221824	0.221824	
-0.091668	-0.091668	-0.158332	-0.158332	0.091668	0.091668	0.158332	0.158332	
		Derivative: dxydsf
-0.041325	0.041325	0.071379	-0.071379	-0.325345	0.325345	0.561951	-0.561951	0.019704	0.011134	0.019232	0.034034	0.155129	0.087659	0.151409	0.267947	
0.183335	0.183335	0.316665	0.316665	-0.183335	-0.183335	-0.316665	-0.316665	-0.019010	-0.019010	-0.032835	-0.032835	0.019010	0.019010	0.032835	0.032835	
-0.056352	-0.056352	0.056352	0.056352	-0.443648	-0.443648	0.443648	0.443648	0.000485	0.000485	-0.015098	-0.015098	0.003817	0.003817	-0.118866	-0.118866	

	Gauss Point [11]
		Location£ºx = 0.800000, y = 0.112704, z = 0.933330
			r = 0.603079 dir = [0.724498 0.000000 -0.689277]
		ShapeFunc sf [1~16]:
0.001503	0.006011	0.084152	0.021038	0.011831	0.047325	0.662512	0.165628	-0.000032	-0.000127	-0.001773	-0.000443	-0.000249	-0.000997	-0.013962	-0.003490	
		Derivative: dsf
-0.003757	0.003757	0.052595	-0.052595	-0.029578	0.029578	0.414070	-0.414070	
-0.011270	-0.045082	0.045082	0.011270	-0.088730	-0.354918	0.354918	0.088730	
-0.006667	-0.026668	-0.373332	-0.093333	0.006667	0.026668	0.373332	0.093333	
		Derivative: dxydsf
-0.007514	0.007514	0.105190	-0.105190	-0.059156	0.059156	0.828140	-0.828140	0.000333	0.000541	0.007573	0.004664	0.002623	0.004259	0.059617	0.036720	
0.013334	0.053336	0.746664	0.186666	-0.013334	-0.053336	-0.746664	-0.186666	-0.000281	-0.001124	-0.015735	-0.003934	0.000281	0.001124	0.015735	0.003934	
-0.022541	-0.090163	0.090163	0.022541	-0.177459	-0.709837	0.709837	0.177459	0.000309	0.001235	-0.011214	-0.002803	0.002430	0.009722	-0.088282	-0.022071	

	Gauss Point [0]
		Location£ºx = 0.500000, y = 0.887296, z = 0.833330
			r = 0.440267 dir = [0.025396 0.000000 0.999677]
		ShapeFunc sf [1~16]:
0.073943	0.073943	0.369705	0.369705	0.009392	0.009392	0.046960	0.046960	-0.047027	-0.047027	-0.235129	-0.235129	-0.005973	-0.005973	-0.029866	-0.029866	
		Derivative: dsf
-0.073943	0.073943	0.369705	-0.369705	-0.009392	0.009392	0.046960	-0.046960	
-0.221824	-0.221824	0.221824	0.221824	-0.028176	-0.028176	0.028176	0.028176	
-0.041667	-0.041667	-0.208333	-0.208333	0.041667	0.041667	0.208333	0.208333	
		Derivative: dxydsf
-0.147886	0.147886	0.739411	-0.739411	-0.018784	0.018784	0.093920	-0.093920	0.377314	0.189206	0.946008	1.886523	0.047926	0.024033	0.120161	0.239625	
0.083335	0.083335	0.416665	0.416665	-0.083335	-0.083335	-0.416665	-0.416665	-0.053000	-0.053000	-0.264995	-0.264995	0.053000	0.053000	0.264995	0.264995	
-0.443648	-0.443648	0.443648	0.443648	-0.056352	-0.056352	0.056352	0.056352	0.501570	0.501570	0.814891	0.814891	0.063709	0.063709	0.103507	0.103507	

	Gauss Point [1]
		Location£ºx = 0.200000, y = 0.887296, z = 0.933330
			r = 0.490252 dir = [-0.474443 0.000000 0.880286]
		ShapeFunc sf [1~16]:
0.047325	0.011831	0.165628	0.662512	0.006011	0.001503	0.021038	0.084152	-0.002399	-0.000600	-0.008395	-0.033578	-0.000305	-0.000076	-0.001066	-0.004265	
		Derivative: dsf
-0.029578	0.029578	0.414070	-0.414070	-0.003757	0.003757	0.052595	-0.052595	
-0.354918	-0.088730	0.088730	0.354918	-0.045082	-0.011270	0.011270	0.045082	
-0.026668	-0.006667	-0.093333	-0.373332	0.026668	0.006667	0.093333	0.373332	
		Derivative: dxydsf
-0.059156	0.059156	0.828140	-0.828140	-0.007514	0.007514	0.105190	-0.105190	0.016330	0.000335	0.004687	0.228614	0.002074	0.000043	0.000595	0.029038	
0.053336	0.013334	0.186666	0.746664	-0.053336	-0.013334	-0.186666	-0.746664	-0.002703	-0.000676	-0.009461	-0.037844	0.002703	0.000676	0.009461	0.037844	
-0.709837	-0.177459	0.177459	0.709837	-0.090163	-0.022541	0.022541	0.090163	0.023478	0.005869	-0.052739	-0.210955	0.002982	0.000746	-0.006699	-0.026795	

	Gauss Point [2]
		Location£ºx = 0.500000, y = 0.887296, z = 0.633330
			r = 0.335398 dir = [0.073341 0.000000 0.997307]
		ShapeFunc sf [1~16]:
0.162672	0.162672	0.280976	0.280976	0.020663	0.020663	0.035689	0.035689	-0.051133	-0.051133	-0.088319	-0.088319	-0.006495	-0.006495	-0.011218	-0.011218	
		Derivative: dsf
-0.162672	0.162672	0.280976	-0.280976	-0.020663	0.020663	0.035689	-0.035689	
-0.221824	-0.221824	0.221824	0.221824	-0.028176	-0.028176	0.028176	0.028176	
-0.091668	-0.091668	-0.158332	-0.158332	0.091668	0.091668	0.158332	0.158332	
		Derivative: dxydsf
-0.325345	0.325345	0.561951	-0.561951	-0.041325	0.041325	0.071379	-0.071379	0.193800	-0.010731	-0.018534	0.334740	0.024616	-0.001363	-0.002354	0.042519	
0.183335	0.183335	0.316665	0.316665	-0.183335	-0.183335	-0.316665	-0.316665	-0.057627	-0.057627	-0.099537	-0.099537	0.057627	0.057627	0.099537	0.099537	
-0.443648	-0.443648	0.443648	0.443648	-0.056352	-0.056352	0.056352	0.056352	0.518127	0.518127	0.514615	0.514615	0.065812	0.065812	0.065366	0.065366	

	Gauss Point [3]
		Location£ºx = 0.800000, y = 0.887296, z = 0.933330
			r = 0.604659 dir = [0.399468 0.000000 0.916747]
		ShapeFunc sf [1~16]:
0.011831	0.047325	0.662512	0.165628	0.001503	0.006011	0.084152	0.021038	-0.001282	-0.005130	-0.071811	-0.017953	-0.000163	-0.000652	-0.009121	-0.002280	
		Derivative: dsf
-0.029578	0.029578	0.414070	-0.414070	-0.003757	0.003757	0.052595	-0.052595	
-0.088730	-0.354918	0.354918	0.088730	-0.011270	-0.045082	0.045082	0.011270	
-0.006667	-0.026668	-0.373332	-0.093333	0.006667	0.026668	0.373332	0.093333	
		Derivative: dxydsf
-0.059156	0.059156	0.828140	-0.828140	-0.007514	0.007514	0.105190	-0.105190	0.000370	-0.030582	-0.428123	0.005174	0.000047	-0.003884	-0.054380	0.000657	
0.013334	0.053336	0.746664	0.186666	-0.013334	-0.053336	-0.746664	-0.186666	-0.001445	-0.005781	-0.080933	-0.020233	0.001445	0.005781	0.080933	0.020233	
-0.177459	-0.709837	0.709837	0.177459	-0.022541	-0.090163	0.090163	0.022541	0.026914	0.107654	0.353022	0.088256	0.003419	0.013674	0.044841	0.011210	

	Gauss Point [4]
		Location£ºx = 0.500000, y = 0.500000, z = 0.833330
			r = 0.252927 dir = [0.196121 0.000000 0.980580]
		ShapeFunc sf [1~16]:
0.041667	0.041667	0.208333	0.208333	0.041667	0.041667	0.208333	0.208333	-0.006545	-0.006545	-0.032722	-0.032722	-0.006545	-0.006545	-0.032722	-0.032722	
		Derivative: dsf
-0.041667	0.041667	0.208333	-0.208333	-0.041667	0.041667	0.208333	-0.208333	
-0.125000	-0.125000	0.125000	0.125000	-0.125000	-0.125000	0.125000	0.125000	
-0.041667	-0.041667	-0.208333	-0.208333	0.041667	0.041667	0.208333	0.208333	
		Derivative: dxydsf
-0.083335	0.083335	0.416665	-0.416665	-0.083335	0.083335	0.416665	-0.416665	0.055847	0.029669	0.148340	0.279229	0.055847	0.029669	0.148340	0.279229	
0.083335	0.083335	0.416665	0.416665	-0.083335	-0.083335	-0.416665	-0.416665	-0.013089	-0.013089	-0.065444	-0.065444	0.013089	0.013089	0.065444	0.065444	
-0.250000	-0.250000	0.250000	0.250000	-0.250000	-0.250000	0.250000	0.250000	0.013613	0.013613	-0.167535	-0.167535	0.013613	0.013613	-0.167535	-0.167535	

	Gauss Point [5]
		Location£ºx = 0.200000, y = 0.500000, z = 0.933330
			r = 0.092893 dir = [0.341764 0.000000 0.939786]
		ShapeFunc sf [1~16]:
0.026668	0.006667	0.093333	0.373332	0.026668	0.006667	0.093333	0.373332	-0.000569	-0.000142	-0.001992	-0.007966	-0.000569	-0.000142	-0.001992	-0.007966	
		Derivative: dsf
-0.016668	0.016668	0.233332	-0.233332	-0.016668	0.016668	0.233332	-0.233332	
-0.200000	-0.050000	0.050000	0.200000	-0.200000	-0.050000	0.050000	0.200000	
-0.026668	-0.006667	-0.093333	-0.373332	0.026668	0.006667	0.093333	0.373332	
		Derivative: dxydsf
-0.033335	0.033335	0.466665	-0.466665	-0.033335	0.033335	0.466665	-0.466665	0.003917	0.000090	0.001261	0.054833	0.003917	0.000090	0.001261	0.054833	
0.053336	0.013334	0.186666	0.746664	-0.053336	-0.013334	-0.186666	-0.746664	-0.001138	-0.000285	-0.003983	-0.015933	0.001138	0.000285	0.003983	0.015933	
-0.400000	-0.100000	0.100000	0.400000	-0.400000	-0.100000	0.100000	0.400000	0.005616	0.001404	-0.012351	-0.049404	0.005616	0.001404	-0.012351	-0.049404	

	Gauss Point [6]
		Location£ºx = 0.500000, y = 0.500000, z = 0.633330
			r = 0.217802 dir = [0.501042 0.000000 0.865423]
		ShapeFunc sf [1~16]:
0.091668	0.091668	0.158332	0.158332	0.091668	0.091668	0.158332	0.158332	-0.027028	-0.027028	-0.046684	-0.046684	-0.027028	-0.027028	-0.046684	-0.046684	
		Derivative: dsf
-0.091668	0.091668	0.158332	-0.158332	-0.091668	0.091668	0.158332	-0.158332	
-0.125000	-0.125000	0.125000	0.125000	-0.125000	-0.125000	0.125000	0.125000	
-0.091668	-0.091668	-0.158332	-0.158332	0.091668	0.091668	0.158332	0.158332	
		Derivative: dxydsf
-0.183335	0.183335	0.316665	-0.316665	-0.183335	0.183335	0.316665	-0.316665	0.257464	0.149352	0.257967	0.444704	0.257464	0.149352	0.257967	0.444704	
0.183335	0.183335	0.316665	0.316665	-0.183335	-0.183335	-0.316665	-0.316665	-0.054056	-0.054056	-0.093368	-0.093368	0.054056	0.054056	0.093368	0.093368	
-0.250000	-0.250000	0.250000	0.250000	-0.250000	-0.250000	0.250000	0.250000	0.105833	0.105833	-0.018232	-0.018232	0.105833	0.105833	-0.018232	-0.018232	

	Gauss Point [7]
		Location£ºx = 0.800000, y = 0.500000, z = 0.933330
			r = 0.468321 dir = [0.016948 0.000000 0.999856]
		ShapeFunc sf [1~16]:
0.006667	0.026668	0.373332	0.093333	0.006667	0.026668	0.373332	0.093333	-0.002863	-0.011451	-0.160309	-0.040077	-0.002863	-0.011451	-0.160309	-0.040077	
		Derivative: dsf
-0.016668	0.016668	0.233332	-0.233332	-0.016668	0.016668	0.233332	-0.233332	
-0.050000	-0.200000	0.200000	0.050000	-0.050000	-0.200000	0.200000	0.050000	
-0.006667	-0.026668	-0.373332	-0.093333	0.006667	0.026668	0.373332	0.093333	
		Derivative: dxydsf
-0.033335	0.033335	0.466665	-0.466665	-0.033335	0.033335	0.466665	-0.466665	0.032662	0.059077	0.827040	0.457243	0.032662	0.059077	0.827040	0.457243	
0.013334	0.053336	0.746664	0.186666	-0.013334	-0.053336	-0.746664	-0.186666	-0.005726	-0.022902	-0.320618	-0.080154	0.005726	0.022903	0.320618	0.080155	
-0.100000	-0.400000	0.400000	0.100000	-0.100000	-0.400000	0.400000	0.100000	0.031145	0.124581	-0.832229	-0.208057	0.031145	0.124581	-0.832229	-0.208057	

	Gauss Point [8]
		Location£ºx = 0.500000, y = 0.112704, z = 0.833330
			r = 0.104279 dir = [0.844151 0.000000 0.536105]
		ShapeFunc sf [1~16]:
0.009392	0.009392	0.046960	0.046960	0.073943	0.073943	0.369705	0.369705	-0.000266	-0.000266	-0.001331	-0.001331	-0.002097	-0.002097	-0.010483	-0.010483	
		Derivative: dsf
-0.009392	0.009392	0.046960	-0.046960	-0.073943	0.073943	0.369705	-0.369705	
-0.028176	-0.028176	0.028176	0.028176	-0.221824	-0.221824	0.221824	0.221824	
-0.041667	-0.041667	-0.208333	-0.208333	0.041667	0.041667	0.208333	0.208333	
		Derivative: dxydsf
-0.018784	0.018784	0.093920	-0.093920	-0.147886	0.147886	0.739411	-0.739411	0.002137	0.001071	0.005357	0.010683	0.016822	0.008435	0.042176	0.084106	
0.083335	0.083335	0.416665	0.416665	-0.083335	-0.083335	-0.416665	-0.416665	-0.002363	-0.002363	-0.011814	-0.011814	0.002363	0.002363	0.011814	0.011814	
-0.056352	-0.056352	0.056352	0.056352	-0.443648	-0.443648	0.443648	0.443648	0.000355	0.000355	-0.007810	-0.007810	0.002797	0.002797	-0.061487	-0.061487	

	Gauss Point [9]
		Location£ºx = 0.200000, y = 0.112704, z = 0.933330
			r = 0.392046 dir = [0.755248 0.000000 -0.655439]
		ShapeFunc sf [1~16]:
0.006011	0.001503	0.021038	0.084152	0.047325	0.011831	0.165628	0.662512	-0.000054	-0.000013	-0.000189	-0.000756	-0.000425	-0.000106	-0.001487	-0.005949	
		Derivative: dsf
-0.003757	0.003757	0.052595	-0.052595	-0.029578	0.029578	0.414070	-0.414070	
-0.045082	-0.011270	0.011270	0.045082	-0.354918	-0.088730	0.088730	0.354918	
-0.026668	-0.006667	-0.093333	-0.373332	0.026668	0.006667	0.093333	0.373332	
		Derivative: dxydsf
-0.007514	0.007514	0.105190	-0.105190	-0.059156	0.059156	0.828140	-0.828140	0.000374	0.000009	0.000128	0.005236	0.002945	0.000072	0.001011	0.041225	
0.053336	0.013334	0.186666	0.746664	-0.053336	-0.013334	-0.186666	-0.746664	-0.000479	-0.000120	-0.001676	-0.006705	0.000479	0.000120	0.001676	0.006705	
-0.090163	-0.022541	0.022541	0.090163	-0.709837	-0.177459	0.177459	0.709837	0.000535	0.000134	-0.001162	-0.004647	0.004216	0.001054	-0.009146	-0.036584	

	Gauss Point [10]
		Location£ºx = 0.500000, y = 0.112704, z = 0.633330
			r = 0.198264 dir = [0.976768 0.000000 0.214297]
		ShapeFunc sf [1~16]:
0.020663	0.020663	0.035689	0.035689	0.162672	0.162672	0.280976	0.280976	-0.002143	-0.002143	-0.003701	-0.003701	-0.016868	-0.016868	-0.029135	-0.029135	
		Derivative: dsf
-0.020663	0.020663	0.035689	-0.035689	-0.162672	0.162672	0.280976	-0.280976	
-0.028176	-0.028176	0.028176	0.028176	-0.221824	-0.221824	0.221824	0.221824	
-0.091668	-0.091668	-0.158332	-0.158332	0.091668	0.091668	0.158332	0.158332	
		Derivative: dxydsf
-0.041325	0.041325	0.071379	-0.071379	-0.325345	0.325345	0.561951	-0.561951	0.019704	0.011134	0.019232	0.034034	0.155129	0.087659	0.151409	0.267947	
0.183335	0.183335	0.316665	0.316665	-0.183335	-0.183335	-0.316665	-0.316665	-0.019010	-0.019010	-0.032835	-0.032835	0.019010	0.019010	0.032835	0.032835	
-0.056352	-0.056352	0.056352	0.056352	-0.443648	-0.443648	0.443648	0.443648	0.000485	0.000485	-0.015098	-0.015098	0.003817	0.003817	-0.118866	-0.118866	

	Gauss Point [11]
		Location£ºx = 0.800000, y = 0.112704, z = 0.933330
			r = 0.443840 dir = [-0.508445 0.000000 0.861095]
		ShapeFunc sf [1~16]:
0.001503	0.006011	0.084152	0.021038	0.011831	0.047325	0.662512	0.165628	-0.000032	-0.000127	-0.001773	-0.000443	-0.000249	-0.000997	-0.013962	-0.003490	
		Derivative: dsf
-0.003757	0.003757	0.052595	-0.052595	-0.029578	0.029578	0.414070	-0.414070	
-0.011270	-0.045082	0.045082	0.011270	-0.088730	-0.354918	0.354918	0.088730	
-0.006667	-0.026668	-0.373332	-0.093333	0.006667	0.026668	0.373332	0.093333	
		Derivative: dxydsf
-0.007514	0.007514	0.105190	-0.105190	-0.059156	0.059156	0.828140	-0.828140	0.000333	0.000541	0.007573	0.004664	0.002623	0.004259	0.059617	0.036720	
0.013334	0.053336	0.746664	0.186666	-0.013334	-0.053336	-0.746664	-0.186666	-0.000281	-0.001124	-0.015735	-0.003934	0.000281	0.001124	0.015735	0.003934	
-0.022541	-0.090163	0.090163	0.022541	-0.177459	-0.709837	0.709837	0.177459	0.000309	0.001235	-0.011214	-0.002803	0.002430	0.009722	-0.088282	-0.022071	

	Gauss Point [0]
		Location£ºx = 0.500000, y = 0.887296, z = 0.833330
			r = 0.484978 dir = [0.023055 0.000000 0.999734]
		ShapeFunc sf [1~16]:
0.073943	0.073943	0.369705	0.369705	0.009392	0.009392	0.046960	0.046960	-0.047027	-0.047027	-0.235129	-0.235129	-0.005973	-0.005973	-0.029866	-0.029866	
		Derivative: dsf
-0.073943	0.073943	0.369705	-0.369705	-0.009392	0.009392	0.046960	-0.046960	
-0.221824	-0.221824	0.221824	0.221824	-0.028176	-0.028176	0.028176	0.028176	
-0.041667	-0.041667	-0.208333	-0.208333	0.041667	0.041667	0.208333	0.208333	
		Derivative: dxydsf
-0.147886	0.147886	0.739411	-0.739411	-0.018784	0.018784	0.093920	-0.093920	0.377314	0.189206	0.946008	1.886523	0.047926	0.024033	0.120161	0.239625	
0.083335	0.083335	0.416665	0.416665	-0.083335	-0.083335	-0.416665	-0.416665	-0.053000	-0.053000	-0.264995	-0.264995	0.053000	0.053000	0.264995	0.264995	
-0.443648	-0.443648	0.443648	0.443648	-0.056352	-0.056352	0.056352	0.056352	0.501570	0.501570	0.814891	0.814891	0.063709	0.063709	0.103507	0.103507	

	Gauss Point [1]
		Location£ºx = 0.200000, y = 0.887296, z = 0.933330
			r = 0.621100 dir = [0.388894 0.000000 0.921282]
		ShapeFunc sf [1~16]:
0.047325	0.011831	0.165628	0.662512	0.006011	0.001503	0.021038	0.084152	-0.002399	-0.000600	-0.008395	-0.033578	-0.000305	-0.000076	-0.001066	-0.004265	
		Derivative: dsf
-0.029578	0.029578	0.414070	-0.414070	-0.003757	0.003757	0.052595	-0.052595	
-0.354918	-0.088730	0.088730	0.354918	-0.045082	-0.011270	0.011270	0.045082	
-0.026668	-0.006667	-0.093333	-0.373332	0.026668	0.006667	0.093333	0.373332	
		Derivative: dxydsf
-0.059156	0.059156	0.828140	-0.828140	-0.007514	0.007514	0.105190	-0.105190	0.016330	0.000335	0.004687	0.228614	0.002074	0.000043	0.000595	0.029038	
0.053336	0.013334	0.186666	0.746664	-0.053336	-0.013334	-0.186666	-0.746664	-0.002703	-0.000676	-0.009461	-0.037844	0.002703	0.000676	0.009461	0.037844	
-0.709837	-0.177459	0.177459	0.709837	-0.090163	-0.022541	0.022541	0.090163	0.023478	0.005869	-0.052739	-0.210955	0.002982	0.000746	-0.006699	-0.026795	

	Gauss Point [2]
		Location£ºx = 0.500000, y = 0.887296, z = 0.633330
			r = 0.353241 dir = [0.069636 0.000000 0.997572]
		ShapeFunc sf [1~16]:
0.162672	0.162672	0.280976	0.280976	0.020663	0.020663	0.035689	0.035689	-0.051133	-0.051133	-0.088319	-0.088319	-0.006495	-0.006495	-0.011218	-0.011218	
		Derivative: dsf
-0.162672	0.162672	0.280976	-0.280976	-0.020663	0.020663	0.035689	-0.035689	
-0.221824	-0.221824	0.221824	0.221824	-0.028176	-0.028176	0.028176	0.028176	
-0.091668	-0.091668	-0.158332	-0.158332	0.091668	0.091668	0.158332	0.158332	
		Derivative: dxydsf
-0.325345	0.325345	0.561951	-0.561951	-0.041325	0.041325	0.071379	-0.071379	0.193800	-0.010731	-0.018534	0.334740	0.024616	-0.001363	-0.002354	0.042519	
0.183335	0.183335	0.316665	0.316665	-0.183335	-0.183335	-0.316665	-0.316665	-0.057627	-0.057627	-0.099537	-0.099537	0.057627	0.057627	0.099537	0.099537	
-0.443648	-0.443648	0.443648	0.443648	-0.056352	-0.056352	0.056352	0.056352	0.518127	0.518127	0.514615	0.514615	0.065812	0.065812	0.065366	0.065366	

	Gauss Point [3]
		Location£ºx = 0.800000, y = 0.887296, z = 0.933330
			r = 0.578751 dir = [-0.401895 0.000000 0.915686]
		ShapeFunc sf [1~16]:
0.011831	0.047325	0.662512	0.165628	0.001503	0.006011	0.084152	0.021038	-0.001282	-0.005130	-0.071811	-0.017953	-0.000163	-0.000652	-0.009121	-0.002280	
		Derivative: dsf
-0.029578	0.029578	0.414070	-0.414070	-0.003757	0.003757	0.052595	-0.052595	
-0.088730	-0.354918	0.354918	0.088730	-0.011270	-0.045082	0.045082	0.011270	
-0.006667	-0.026668	-0.373332	-0.093333	0.006667	0.026668	0.373332	0.093333	
		Derivative: dxydsf
-0.059156	0.059156	0.828140	-0.828140	-0.007514	0.007514	0.105190	-0.105190	0.000370	-0.030582	-0.428123	0.005174	0.000047	-0.003884	-0.054380	0.000657	
0.013334	0.053336	0.746664	0.186666	-0.013334	-0.053336	-0.746664	-0.186666	-0.001445	-0.005781	-0.080933	-0.020233	0.001445	0.005781	0.080933	0.020233	
-0.177459	-0.709837	0.709837	0.177459	-0.022541	-0.090163	0.090163	0.022541	0.026914	0.107654	0.353022	0.088256	0.003419	0.013674	0.044841	0.011210	

	Gauss Point [4]
		Location£ºx = 0.500000, y = 0.500000, z = 0.833330
			r = 0.449173 dir = [0.110434 0.000000 0.993883]
		ShapeFunc sf [1~16]:
0.041667	0.041667	0.208333	0.208333	0.041667	0.041667	0.208333	0.208333	-0.006545	-0.006545	-0.032722	-0.032722	-0.006545	-0.006545	-0.032722	-0.032722	
		Derivative: dsf
-0.041667	0.041667	0.208333	-0.208333	-0.041667	0.041667	0.208333	-0.208333	
-0.125000	-0.125000	0.125000	0.125000	-0.125000	-0.125000	0.125000	0.125000	
-0.041667	-0.041667	-0.208333	-0.208333	0.041667	0.041667	0.208333	0.208333	
		Derivative: dxydsf
-0.083335	0.083335	0.416665	-0.416665	-0.083335	0.083335	0.416665	-0.416665	0.055847	0.029669	0.148340	0.279229	0.055847	0.029669	0.148340	0.279229	
0.083335	0.083335	0.416665	0.416665	-0.083335	-0.083335	-0.416665	-0.416665	-0.013089	-0.013089	-0.065444	-0.065444	0.013089	0.013089	0.065444	0.065444	
-0.250000	-0.250000	0.250000	0.250000	-0.250000	-0.250000	0.250000	0.250000	0.013613	0.013613	-0.167535	-0.167535	0.013613	0.013613	-0.167535	-0.167535	

	Gauss Point [5]
		Location£ºx = 0.200000, y = 0.500000, z = 0.933330
			r = 0.547674 dir = [0.014492 0.000000 0.999895]
		ShapeFunc sf [1~16]:
0.026668	0.006667	0.093333	0.373332	0.026668	0.006667	0.093333	0.373332	-0.000569	-0.000142	-0.001992	-0.007966	-0.000569	-0.000142	-0.001992	-0.007966	
		Derivative: dsf
-0.016668	0.016668	0.233332	-0.233332	-0.016668	0.016668	0.233332	-0.233332	
-0.200000	-0.050000	0.050000	0.200000	-0.200000	-0.050000	0.050000	0.200000	
-0.026668	-0.006667	-0.093333	-0.373332	0.026668	0.006667	0.093333	0.373332	
		Derivative: dxydsf
-0.033335	0.033335	0.466665	-0.466665	-0.033335	0.033335	0.466665	-0.466665	0.003917	0.000090	0.001261	0.054833	0.003917	0.000090	0.001261	0.054833	
0.053336	0.013334	0.186666	0.746664	-0.053336	-0.013334	-0.186666	-0.746664	-0.001138	-0.000285	-0.003983	-0.015933	0.001138	0.000285	0.003983	0.015933	
-0.400000	-0.100000	0.100000	0.400000	-0.400000	-0.100000	0.100000	0.400000	0.005616	0.001404	-0.012351	-0.049404	0.005616	0.001404	-0.012351	-0.049404	

	Gauss Point [6]
		Location£ºx = 0.500000, y = 0.500000, z = 0.633330
			r = 0.289231 dir = [0.377304 0.000000 0.926090]
		ShapeFunc sf [1~16]:
0.091668	0.091668	0.158332	0.158332	0.091668	0.091668	0.158332	0.158332	-0.027028	-0.027028	-0.046684	-0.046684	-0.027028	-0.027028	-0.046684	-0.046684	
		Derivative: dsf
-0.091668	0.091668	0.158332	-0.158332	-0.091668	0.091668	0.158332	-0.158332	
-0.125000	-0.125000	0.125000	0.125000	-0.125000	-0.125000	0.125000	0.125000	
-0.091668	-0.091668	-0.158332	-0.158332	0.091668	0.091668	0.158332	0.158332	
		Derivative: dxydsf
-0.183335	0.183335	0.316665	-0.316665	-0.183335	0.183335	0.316665	-0.316665	0.257464	0.149352	0.257967	0.444704	0.257464	0.149352	0.257967	0.444704	
0.183335	0.183335	0.316665	0.316665	-0.183335	-0.183335	-0.316665	-0.316665	-0.054056	-0.054056	-0.093368	-0.093368	0.054056	0.054056	0.093368	0.093368	
-0.250000	-0.250000	0.250000	0.250000	-0.250000	-0.250000	0.250000	0.250000	0.105833	0.105833	-0.018232	-0.018232	0.105833	0.105833	-0.018232	-0.018232	

	Gauss Point [7]
		Location£ºx = 0.800000, y = 0.500000, z = 0.933330
			r = 0.524767 dir = [0.060498 0.000000 0.998168]
		ShapeFunc sf [1~16]:
0.006667	0.026668	0.373332	0.093333	0.006667	0.026668	0.373332	0.093333	-0.002863	-0.011451	-0.160309	-0.040077	-0.002863	-0.011451	-0.160309	-0.040077	
		Derivative: dsf
-0.016668	0.016668	0.233332	-0.233332	-0.016668	0.016668	0.233332	-0.233332	
-0.050000	-0.200000	0.200000	0.050000	-0.050000	-0.200000	0.200000	0.050000	
-0.006667	-0.026668	-0.373332	-0.093333	0.006667	0.026668	0.373332	0.093333	
		Derivative: dxydsf
-0.033335	0.033335	0.466665	-0.466665	-0.033335	0.033335	0.466665	-0.466665	0.032662	0.059077	0.827040	0.457243	0.032662	0.059077	0.827040	0.457243	
0.013334	0.053336	0.746664	0.186666	-0.013334	-0.053336	-0.746664	-0.186666	-0.005726	-0.022902	-0.320618	-0.080154	0.005726	0.022903	0.320618	0.080155	
-0.100000	-0.400000	0.400000	0.100000	-0.100000	-0.400000	0.400000	0.100000	0.031145	0.124581	-0.832229	-0.208057	0.031145	0.124581	-0.832229	-0.208057	

	Gauss Point [8]
		Location£ºx = 0.500000, y = 0.112704, z = 0.833330
			r = 0.417391 dir = [0.210899 0.000000 0.977508]
		ShapeFunc sf [1~16]:
0.009392	0.009392	0.046960	0.046960	0.073943	0.073943	0.369705	0.369705	-0.000266	-0.000266	-0.001331	-0.001331	-0.002097	-0.002097	-0.010483	-0.010483	
		Derivative: dsf
-0.009392	0.009392	0.046960	-0.046960	-0.073943	0.073943	0.369705	-0.369705	
-0.028176	-0.028176	0.028176	0.028176	-0.221824	-0.221824	0.221824	0.221824	
-0.041667	-0.041667	-0.208333	-0.208333	0.041667	0.041667	0.208333	0.208333	
		Derivative: dxydsf
-0.018784	0.018784	0.093920	-0.093920	-0.147886	0.147886	0.739411	-0.739411	0.002137	0.001071	0.005357	0.010683	0.016822	0.008435	0.042176	0.084106	
0.083335	0.083335	0.416665	0.416665	-0.083335	-0.083335	-0.416665	-0.416665	-0.002363	-0.002363	-0.011814	-0.011814	0.002363	0.002363	0.011814	0.011814	
-0.056352	-0.056352	0.056352	0.056352	-0.443648	-0.443648	0.443648	0.443648	0.000355	0.000355	-0.007810	-0.007810	0.002797	0.002797	-0.061487	-0.061487	

	Gauss Point [9]
		Location£ºx = 0.200000, y = 0.112704, z = 0.933330
			r = 0.569633 dir = [-0.396164 0.000000 0.918180]
		ShapeFunc sf [1~16]:
0.006011	0.001503	0.021038	0.084152	0.047325	0.011831	0.165628	0.662512	-0.000054	-0.000013	-0.000189	-0.000756	-0.000425	-0.000106	-0.001487	-0.005949	
		Derivative: dsf
-0.003757	0.003757	0.052595	-0.052595	-0.029578	0.029578	0.414070	-0.414070	
-0.045082	-0.011270	0.011270	0.045082	-0.354918	-0.088730	0.088730	0.354918	
-0.026668	-0.006667	-0.093333	-0.373332	0.026668	0.006667	0.093333	0.373332	
		Derivative: dxydsf
-0.007514	0.007514	0.105190	-0.105190	-0.059156	0.059156	0.828140	-0.828140	0.000374	0.000009	0.000128	0.005236	0.002945	0.000072	0.001011	0.041225	
0.053336	0.013334	0.186666	0.746664	-0.053336	-0.013334	-0.186666	-0.746664	-0.000479	-0.000120	-0.001676	-0.006705	0.000479	0.000120	0.001676	0.006705	
-0.090163	-0.022541	0.022541	0.090163	-0.709837	-0.177459	0.177459	0.709837	0.000535	0.000134	-0.001162	-0.004647	0.004216	0.001054	-0.009146	-0.036584	

	Gauss Point [10]
		Location£ºx = 0.500000, y = 0.112704, z = 0.633330
			r = 0.266667 dir = [0.726216 0.000000 0.687467]
		ShapeFunc sf [1~16]:
0.020663	0.020663	0.035689	0.035689	0.162672	0.162672	0.280976	0.280976	-0.002143	-0.002143	-0.003701	-0.003701	-0.016868	-0.016868	-0.029135	-0.029135	
		Derivative: dsf
-0.020663	0.020663	0.035689	-0.035689	-0.162672	0.162672	0.280976	-0.280976	
-0.028176	-0.028176	0.028176	0.028176	-0.221824	-0.221824	0.221824	0.221824	
-0.091668	-0.091668	-0.158332	-0.158332	0.091668	0.091668	0.158332	0.158332	
		Derivative: dxydsf
-0.041325	0.041325	0.071379	-0.071379	-0.325345	0.325345	0.561951	-0.561951	0.019704	0.011134	0.019232	0.034034	0.155129	0.087659	0.151409	0.267947	
0.183335	0.183335	0.316665	0.316665	-0.183335	-0.183335	-0.316665	-0.316665	-0.019010	-0.019010	-0.032835	-0.032835	0.019010	0.019010	0.032835	0.032835	
-0.056352	-0.056352	0.056352	0.056352	-0.443648	-0.443648	0.443648	0.443648	0.000485	0.000485	-0.015098	-0.015098	0.003817	0.003817	-0.118866	-0.118866	

	Gauss Point [11]
		Location£ºx = 0.800000, y = 0.112704, z = 0.933330
			r = 0.596356 dir = [0.496502 0.000000 0.868035]
		ShapeFunc sf [1~16]:
0.001503	0.006011	0.084152	0.021038	0.011831	0.047325	0.662512	0.165628	-0.000032	-0.000127	-0.001773	-0.000443	-0.000249	-0.000997	-0.013962	-0.003490	
		Derivative: dsf
-0.003757	0.003757	0.052595	-0.052595	-0.029578	0.029578	0.414070	-0.414070	
-0.011270	-0.045082	0.045082	0.011270	-0.088730	-0.354918	0.354918	0.088730	
-0.006667	-0.026668	-0.373332	-0.093333	0.006667	0.026668	0.373332	0.093333	
		Derivative: dxydsf
-0.007514	0.007514	0.105190	-0.105190	-0.059156	0.059156	0.828140	-0.828140	0.000333	0.000541	0.007573	0.004664	0.002623	0.004259	0.059617	0.036720	
0.013334	0.053336	0.746664	0.186666	-0.013334	-0.053336	-0.746664	-0.186666	-0.000281	-0.001124	-0.015735	-0.003934	0.000281	0.001124	0.015735	0.003934	
-0.022541	-0.090163	0.090163	0.022541	-0.177459	-0.709837	0.709837	0.177459	0.000309	0.001235	-0.011214	-0.002803	0.002430	0.009722	-0.088282	-0.022071	

	Gauss Point [0]
		Location£ºx = 0.500000, y = 0.887296, z = 0.833330
			r = 0.104279 dir = [0.536105 0.000000 0.844151]
		ShapeFunc sf [1~16]:
0.073943	0.073943	0.369705	0.369705	0.009392	0.009392	0.046960	0.046960	-0.047027	-0.047027	-0.235129	-0.235129	-0.005973	-0.005973	-0.029866	-0.029866	
		Derivative: dsf
-0.073943	0.073943	0.369705	-0.369705	-0.009392	0.009392	0.046960	-0.046960	
-0.221824	-0.221824	0.221824	0.221824	-0.028176	-0.028176	0.028176	0.028176	
-0.041667	-0.041667	-0.208333	-0.208333	0.041667	0.041667	0.208333	0.208333	
		Derivative: dxydsf
-0.147886	0.147886	0.739411	-0.739411	-0.018784	0.018784	0.093920	-0.093920	0.377314	0.189206	0.946008	1.886523	0.047926	0.024033	0.120161	0.239625	
0.083335	0.083335	0.416665	0.416665	-0.083335	-0.083335	-0.416665	-0.416665	-0.053000	-0.053000	-0.264995	-0.264995	0.053000	0.053000	0.264995	0.264995	
-0.443648	-0.443648	0.443648	0.443648	-0.056352	-0.056352	0.056352	0.056352	0.501570	0.501570	0.814891	0.814891	0.063709	0.063709	0.103507	0.103507	

	Gauss Point [1]
		Location£ºx = 0.200000, y = 0.887296, z = 0.933330
			r = 0.428847 dir = [-0.500663 0.000000 0.865642]
		ShapeFunc sf [1~16]:
0.047325	0.011831	0.165628	0.662512	0.006011	0.001503	0.021038	0.084152	-0.002399	-0.000600	-0.008395	-0.033578	-0.000305	-0.000076	-0.001066	-0.004265	
		Derivative: dsf
-0.029578	0.029578	0.414070	-0.414070	-0.003757	0.003757	0.052595	-0.052595	
-0.354918	-0.088730	0.088730	0.354918	-0.045082	-0.011270	0.011270	0.045082	
-0.026668	-0.006667	-0.093333	-0.373332	0.026668	0.006667	0.093333	0.373332	
		Derivative: dxydsf
-0.059156	0.059156	0.828140	-0.828140	-0.007514	0.007514	0.105190	-0.105190	0.016330	0.000335	0.004687	0.228614	0.002074	0.000043	0.000595	0.029038	
0.053336	0.013334	0.186666	0.746664	-0.053336	-0.013334	-0.186666	-0.746664	-0.002703	-0.000676	-0.009461	-0.037844	0.002703	0.000676	0.009461	0.037844	
-0.709837	-0.177459	0.177459	0.709837	-0.090163	-0.022541	0.022541	0.090163	0.023478	0.005869	-0.052739	-0.210955	0.002982	0.000746	-0.006699	-0.026795	

	Gauss Point [2]
		Location£ºx = 0.500000, y = 0.887296, z = 0.633330
			r = 0.198264 dir = [0.214297 0.000000 0.976768]
		ShapeFunc sf [1~16]:
0.162672	0.162672	0.280976	0.280976	0.020663	0.020663	0.035689	0.035689	-0.051133	-0.051133	-0.088319	-0.088319	-0.006495	-0.006495	-0.011218	-0.011218	
		Derivative: dsf
