        0DDDD          TTTTTTTTTTTTT     FFFF5FFFFFFF      SSSSSSSSSSS
        DD   DDD        TTTTTTTTTTT      FFFFFFFFFFF      SSSSSSSSSSS
        DD     DD           TTT          FF               SSS
        DD      DD          TTT          FF                 SSS
        DD      DDD         TTT          FFFFFFFFFF           SSS
        DD      DDD         TTT          FFFFFFFFF              SSS
        DD      DD          TTT          FF                       SSS
        DD     DD           TTT          FF                        SSS
        DD   DDD             T           FF                 SSSSSSSSSS
        DDDDD                T           F                 SSSSSSSSSS



*** This log file includes the shape function matrix.


	Gauss Point [0]
		Location£ºx = 0.500000, y = 0.887296, z = 0.833330
			r = 0.070714 dir = [0.790566 0.000000 0.612377]
		ShapeFunc sf [1~16]:
0.073943	0.073943	0.369705	0.369705	0.009392	0.009392	0.046960	0.046960	-0.047027	-0.047027	-0.235129	-0.235129	-0.005973	-0.005973	-0.029866	-0.029866	
		Derivative: dsf
-0.073943	0.073943	0.369705	-0.369705	-0.009392	0.009392	0.046960	-0.046960	
-0.221824	-0.221824	0.221824	0.221824	-0.028176	-0.028176	0.028176	0.028176	
-0.041667	-0.041667	-0.208333	-0.208333	0.041667	0.041667	0.208333	0.208333	
		Derivative: dxydsf
-0.147886	0.147886	0.739411	-0.739411	-0.018784	0.018784	0.093920	-0.093920	0.377314	0.189206	0.946008	1.886523	0.047926	0.024033	0.120161	0.239625	
0.083335	0.083335	0.416665	0.416665	-0.083335	-0.083335	-0.416665	-0.416665	-0.053000	-0.053000	-0.264995	-0.264995	0.053000	0.053000	0.264995	0.264995	
-0.443648	-0.443648	0.443648	0.443648	-0.056352	-0.056352	0.056352	0.056352	0.501570	0.501570	0.814891	0.814891	0.063709	0.063709	0.103507	0.103507	

	Gauss Point [1]
		Location£ºx = 0.200000, y = 0.887296, z = 0.933330
			r = 0.465962 dir = [0.729532 0.000000 -0.683947]
		ShapeFunc sf [1~16]:
0.047325	0.011831	0.165628	0.662512	0.006011	0.001503	0.021038	0.084152	-0.002399	-0.000600	-0.008395	-0.033578	-0.000305	-0.000076	-0.001066	-0.004265	
		Derivative: dsf
-0.029578	0.029578	0.414070	-0.414070	-0.003757	0.003757	0.052595	-0.052595	
-0.354918	-0.088730	0.088730	0.354918	-0.045082	-0.011270	0.011270	0.045082	
-0.026668	-0.006667	-0.093333	-0.373332	0.026668	0.006667	0.093333	0.373332	
		Derivative: dxydsf
-0.059156	0.059156	0.828140	-0.828140	-0.007514	0.007514	0.105190	-0.105190	0.016330	0.000335	0.004687	0.228614	0.002074	0.000043	0.000595	0.029038	
0.053336	0.013334	0.186666	0.746664	-0.053336	-0.013334	-0.186666	-0.746664	-0.002703	-0.000676	-0.009461	-0.037844	0.002703	0.000676	0.009461	0.037844	
-0.709837	-0.177459	0.177459	0.709837	-0.090163	-0.022541	0.022541	0.090163	0.023478	0.005869	-0.052739	-0.210955	0.002982	0.000746	-0.006699	-0.026795	

	Gauss Point [2]
		Location£ºx = 0.500000, y = 0.887296, z = 0.633330
			r = 0.180831 dir = [0.234956 0.000000 0.972006]
		ShapeFunc sf [1~16]:
0.162672	0.162672	0.280976	0.280976	0.020663	0.020663	0.035689	0.035689	-0.051133	-0.051133	-0.088319	-0.088319	-0.006495	-0.006495	-0.011218	-0.011218	
		Derivative: dsf
-0.162672	0.162672	0.280976	-0.280976	-0.020663	0.020663	0.035689	-0.035689	
-0.221824	-0.221824	0.221824	0.221824	-0.028176	-0.028176	0.028176	0.028176	
-0.091668	-0.091668	-0.158332	-0.158332	0.091668	0.091668	0.158332	0.158332	
		Derivative: dxydsf
-0.325345	0.325345	0.561951	-0.561951	-0.041325	0.041325	0.071379	-0.071379	0.193800	-0.010731	-0.018534	0.334740	0.024616	-0.001363	-0.002354	0.042519	
0.183335	0.183335	0.316665	0.316665	-0.183335	-0.183335	-0.316665	-0.316665	-0.057627	-0.057627	-0.099537	-0.099537	0.057627	0.057627	0.099537	0.099537	
-0.443648	-0.443648	0.443648	0.443648	-0.056352	-0.056352	0.056352	0.056352	0.518127	0.518127	0.514615	0.514615	0.065812	0.065812	0.065366	0.065366	

	Gauss Point [3]
		Location£ºx = 0.800000, y = 0.887296, z = 0.933330
			r = 0.347187 dir = [-0.618421 0.000000 0.785847]
		ShapeFunc sf [1~16]:
0.011831	0.047325	0.662512	0.165628	0.001503	0.006011	0.084152	0.021038	-0.001282	-0.005130	-0.071811	-0.017953	-0.000163	-0.000652	-0.009121	-0.002280	
		Derivative: dsf
-0.029578	0.029578	0.414070	-0.414070	-0.003757	0.003757	0.052595	-0.052595	
-0.088730	-0.354918	0.354918	0.088730	-0.011270	-0.045082	0.045082	0.011270	
-0.006667	-0.026668	-0.373332	-0.093333	0.006667	0.026668	0.373332	0.093333	
		Derivative: dxydsf
-0.059156	0.059156	0.828140	-0.828140	-0.007514	0.007514	0.105190	-0.105190	0.000370	-0.030582	-0.428123	0.005174	0.000047	-0.003884	-0.054380	0.000657	
0.013334	0.053336	0.746664	0.186666	-0.013334	-0.053336	-0.746664	-0.186666	-0.001445	-0.005781	-0.080933	-0.020233	0.001445	0.005781	0.080933	0.020233	
-0.177459	-0.709837	0.709837	0.177459	-0.022541	-0.090163	0.090163	0.022541	0.026914	0.107654	0.353022	0.088256	0.003419	0.013674	0.044841	0.011210	

	Gauss Point [4]
		Location£ºx = 0.500000, y = 0.500000, z = 0.833330
			r = 0.289231 dir = [0.857497 0.000000 -0.514490]
		ShapeFunc sf [1~16]:
0.041667	0.041667	0.208333	0.208333	0.041667	0.041667	0.208333	0.208333	-0.006545	-0.006545	-0.032722	-0.032722	-0.006545	-0.006545	-0.032722	-0.032722	
		Derivative: dsf
-0.041667	0.041667	0.208333	-0.208333	-0.041667	0.041667	0.208333	-0.208333	
-0.125000	-0.125000	0.125000	0.125000	-0.125000	-0.125000	0.125000	0.125000	
-0.041667	-0.041667	-0.208333	-0.208333	0.041667	0.041667	0.208333	0.208333	
		Derivative: dxydsf
-0.083335	0.083335	0.416665	-0.416665	-0.083335	0.083335	0.416665	-0.416665	0.055847	0.029669	0.148340	0.279229	0.055847	0.029669	0.148340	0.279229	
0.083335	0.083335	0.416665	0.416665	-0.083335	-0.083335	-0.416665	-0.416665	-0.013089	-0.013089	-0.065444	-0.065444	0.013089	0.013089	0.065444	0.065444	
-0.250000	-0.250000	0.250000	0.250000	-0.250000	-0.250000	0.250000	0.250000	0.013613	0.013613	-0.167535	-0.167535	0.013613	0.013613	-0.167535	-0.167535	

	Gauss Point [5]
		Location£ºx = 0.200000, y = 0.500000, z = 0.933330
			r = 0.601131 dir = [0.739344 0.000000 -0.673328]
		ShapeFunc sf [1~16]:
0.026668	0.006667	0.093333	0.373332	0.026668	0.006667	0.093333	0.373332	-0.000569	-0.000142	-0.001992	-0.007966	-0.000569	-0.000142	-0.001992	-0.007966	
		Derivative: dsf
-0.016668	0.016668	0.233332	-0.233332	-0.016668	0.016668	0.233332	-0.233332	
-0.200000	-0.050000	0.050000	0.200000	-0.200000	-0.050000	0.050000	0.200000	
-0.026668	-0.006667	-0.093333	-0.373332	0.026668	0.006667	0.093333	0.373332	
		Derivative: dxydsf
-0.033335	0.033335	0.466665	-0.466665	-0.033335	0.033335	0.466665	-0.466665	0.003917	0.000090	0.001261	0.054833	0.003917	0.000090	0.001261	0.054833	
0.053336	0.013334	0.186666	0.746664	-0.053336	-0.013334	-0.186666	-0.746664	-0.001138	-0.000285	-0.003983	-0.015933	0.001138	0.000285	0.003983	0.015933	
-0.400000	-0.100000	0.100000	0.400000	-0.400000	-0.100000	0.100000	0.400000	0.005616	0.001404	-0.012351	-0.049404	0.005616	0.001404	-0.012351	-0.049404	

	Gauss Point [6]
		Location£ºx = 0.500000, y = 0.500000, z = 0.633330
			r = 0.190827 dir = [0.987760 0.000000 0.155979]
		ShapeFunc sf [1~16]:
0.091668	0.091668	0.158332	0.158332	0.091668	0.091668	0.158332	0.158332	-0.027028	-0.027028	-0.046684	-0.046684	-0.027028	-0.027028	-0.046684	-0.046684	
		Derivative: dsf
-0.091668	0.091668	0.158332	-0.158332	-0.091668	0.091668	0.158332	-0.158332	
-0.125000	-0.125000	0.125000	0.125000	-0.125000	-0.125000	0.125000	0.125000	
-0.091668	-0.091668	-0.158332	-0.158332	0.091668	0.091668	0.158332	0.158332	
		Derivative: dxydsf
-0.183335	0.183335	0.316665	-0.316665	-0.183335	0.183335	0.316665	-0.316665	0.257464	0.149352	0.257967	0.444704	0.257464	0.149352	0.257967	0.444704	
0.183335	0.183335	0.316665	0.316665	-0.183335	-0.183335	-0.316665	-0.316665	-0.054056	-0.054056	-0.093368	-0.093368	0.054056	0.054056	0.093368	0.093368	
-0.250000	-0.250000	0.250000	0.250000	-0.250000	-0.250000	0.250000	0.250000	0.105833	0.105833	-0.018232	-0.018232	0.105833	0.105833	-0.018232	-0.018232	

	Gauss Point [7]
		Location£ºx = 0.800000, y = 0.500000, z = 0.933330
			r = 0.132088 dir = [0.841186 0.000000 -0.540746]
		ShapeFunc sf [1~16]:
0.006667	0.026668	0.373332	0.093333	0.006667	0.026668	0.373332	0.093333	-0.002863	-0.011451	-0.160309	-0.040077	-0.002863	-0.011451	-0.160309	-0.040077	
		Derivative: dsf
-0.016668	0.016668	0.233332	-0.233332	-0.016668	0.016668	0.233332	-0.233332	
-0.050000	-0.200000	0.200000	0.050000	-0.050000	-0.200000	0.200000	0.050000	
-0.006667	-0.026668	-0.373332	-0.093333	0.006667	0.026668	0.373332	0.093333	
		Derivative: dxydsf
-0.033335	0.033335	0.466665	-0.466665	-0.033335	0.033335	0.466665	-0.466665	0.032662	0.059077	0.827040	0.457243	0.032662	0.059077	0.827040	0.457243	
0.013334	0.053336	0.746664	0.186666	-0.013334	-0.053336	-0.746664	-0.186666	-0.005726	-0.022902	-0.320618	-0.080154	0.005726	0.022903	0.320618	0.080155	
-0.100000	-0.400000	0.400000	0.100000	-0.100000	-0.400000	0.400000	0.100000	0.031145	0.124581	-0.832229	-0.208057	0.031145	0.124581	-0.832229	-0.208057	

	Gauss Point [8]
		Location£ºx = 0.500000, y = 0.112704, z = 0.833330
			r = 0.556718 dir = [0.790572 0.000000 -0.612370]
		ShapeFunc sf [1~16]:
0.009392	0.009392	0.046960	0.046960	0.073943	0.073943	0.369705	0.369705	-0.000266	-0.000266	-0.001331	-0.001331	-0.002097	-0.002097	-0.010483	-0.010483	
		Derivative: dsf
-0.009392	0.009392	0.046960	-0.046960	-0.073943	0.073943	0.369705	-0.369705	
-0.028176	-0.028176	0.028176	0.028176	-0.221824	-0.221824	0.221824	0.221824	
-0.041667	-0.041667	-0.208333	-0.208333	0.041667	0.041667	0.208333	0.208333	
		Derivative: dxydsf
-0.018784	0.018784	0.093920	-0.093920	-0.147886	0.147886	0.739411	-0.739411	0.002137	0.001071	0.005357	0.010683	0.016822	0.008435	0.042176	0.084106	
0.083335	0.083335	0.416665	0.416665	-0.083335	-0.083335	-0.416665	-0.416665	-0.002363	-0.002363	-0.011814	-0.011814	0.002363	0.002363	0.011814	0.011814	
-0.056352	-0.056352	0.056352	0.056352	-0.443648	-0.443648	0.443648	0.443648	0.000355	0.000355	-0.007810	-0.007810	0.002797	0.002797	-0.061487	-0.061487	

	Gauss Point [9]
		Location£ºx = 0.200000, y = 0.112704, z = 0.933330
			r = 0.736381 dir = [0.745473 0.000000 -0.666536]
		ShapeFunc sf [1~16]:
0.006011	0.001503	0.021038	0.084152	0.047325	0.011831	0.165628	0.662512	-0.000054	-0.000013	-0.000189	-0.000756	-0.000425	-0.000106	-0.001487	-0.005949	
		Derivative: dsf
-0.003757	0.003757	0.052595	-0.052595	-0.029578	0.029578	0.414070	-0.414070	
-0.045082	-0.011270	0.011270	0.045082	-0.354918	-0.088730	0.088730	0.354918	
-0.026668	-0.006667	-0.093333	-0.373332	0.026668	0.006667	0.093333	0.373332	
		Derivative: dxydsf
-0.007514	0.007514	0.105190	-0.105190	-0.059156	0.059156	0.828140	-0.828140	0.000374	0.000009	0.000128	0.005236	0.002945	0.000072	0.001011	0.041225	
0.053336	0.013334	0.186666	0.746664	-0.053336	-0.013334	-0.186666	-0.746664	-0.000479	-0.000120	-0.001676	-0.006705	0.000479	0.000120	0.001676	0.006705	
-0.090163	-0.022541	0.022541	0.090163	-0.709837	-0.177459	0.177459	0.709837	0.000535	0.000134	-0.001162	-0.004647	0.004216	0.001054	-0.009146	-0.036584	

	Gauss Point [10]
		Location£ºx = 0.500000, y = 0.112704, z = 0.633330
			r = 0.354116 dir = [0.944591 0.000000 -0.328251]
		ShapeFunc sf [1~16]:
0.020663	0.020663	0.035689	0.035689	0.162672	0.162672	0.280976	0.280976	-0.002143	-0.002143	-0.003701	-0.003701	-0.016868	-0.016868	-0.029135	-0.029135	
		Derivative: dsf
-0.020663	0.020663	0.035689	-0.035689	-0.162672	0.162672	0.280976	-0.280976	
-0.028176	-0.028176	0.028176	0.028176	-0.221824	-0.221824	0.221824	0.221824	
-0.091668	-0.091668	-0.158332	-0.158332	0.091668	0.091668	0.158332	0.158332	
		Derivative: dxydsf
-0.041325	0.041325	0.071379	-0.071379	-0.325345	0.325345	0.561951	-0.561951	0.019704	0.011134	0.019232	0.034034	0.155129	0.087659	0.151409	0.267947	
0.183335	0.183335	0.316665	0.316665	-0.183335	-0.183335	-0.316665	-0.316665	-0.019010	-0.019010	-0.032835	-0.032835	0.019010	0.019010	0.032835	0.032835	
-0.056352	-0.056352	0.056352	0.056352	-0.443648	-0.443648	0.443648	0.443648	0.000485	0.000485	-0.015098	-0.015098	0.003817	0.003817	-0.118866	-0.118866	

	Gauss Point [11]
		Location£ºx = 0.800000, y = 0.112704, z = 0.933330
			r = 0.603079 dir = [0.724498 0.000000 -0.689277]
		ShapeFunc sf [1~16]:
0.001503	0.006011	0.084152	0.021038	0.011831	0.047325	0.662512	0.165628	-0.000032	-0.000127	-0.001773	-0.000443	-0.000249	-0.000997	-0.013962	-0.003490	
		Derivative: dsf
-0.003757	0.003757	0.052595	-0.052595	-0.029578	0.029578	0.414070	-0.414070	
-0.011270	-0.045082	0.045082	0.011270	-0.088730	-0.354918	0.354918	0.088730	
-0.006667	-0.026668	-0.373332	-0.093333	0.006667	0.026668	0.373332	0.093333	
		Derivative: dxydsf
-0.007514	0.007514	0.105190	-0.105190	-0.059156	0.059156	0.828140	-0.828140	0.000333	0.000541	0.007573	0.004664	0.002623	0.004259	0.059617	0.036720	
0.013334	0.053336	0.746664	0.186666	-0.013334	-0.053336	-0.746664	-0.186666	-0.000281	-0.001124	-0.015735	-0.003934	0.000281	0.001124	0.015735	0.003934	
-0.022541	-0.090163	0.090163	0.022541	-0.177459	-0.709837	0.709837	0.177459	0.000309	0.001235	-0.011214	-0.002803	0.002430	0.009722	-0.088282	-0.022071	

	Gauss Point [12]
		Location£ºx = 0.833330, y = 0.887296, z = 0.500000
			r = 0.440267 dir = [0.025396 0.000000 0.999677]
		ShapeFunc sf [1~16]:
0.073943	0.369705	0.369705	0.073943	0.009392	0.046960	0.046960	0.009392	-0.004418	-0.022087	-0.022087	-0.004418	-0.000561	-0.002805	-0.002805	-0.000561	
		Derivative: dsf
-0.221824	0.221824	0.221824	-0.221824	-0.028176	0.028176	0.028176	-0.028176	
-0.073943	-0.369705	0.369705	0.073943	-0.009392	-0.046960	0.046960	0.009392	
-0.041667	-0.208333	-0.208333	-0.041667	0.041667	0.208333	0.208333	0.041667	
		Derivative: dxydsf
-0.443648	0.443648	0.443648	-0.443648	-0.056352	0.056352	0.056352	-0.056352	0.027359	-0.022231	-0.022231	0.027359	0.003475	-0.002824	-0.002824	0.003475	
0.083335	0.416665	0.416665	0.083335	-0.083335	-0.416665	-0.416665	-0.083335	-0.004979	-0.024893	-0.024893	-0.004979	0.004979	0.024893	0.024893	0.004979	
-0.147886	-0.739411	0.739411	0.147886	-0.018784	-0.093920	0.093920	0.018784	0.042482	0.212403	0.124054	0.024811	0.005396	0.026979	0.015757	0.003152	

	Gauss Point [13]
		Location£ºx = 0.933330, y = 0.887296, z = 0.800000
			r = 0.490252 dir = [-0.474443 0.000000 0.880286]
		ShapeFunc sf [1~16]:
0.011831	0.165628	0.662512	0.047325	0.001503	0.021038	0.084152	0.006011	-0.000513	-0.007186	-0.028744	-0.002053	-0.000065	-0.000913	-0.003651	-0.000261	
		Derivative: dsf
-0.088730	0.088730	0.354918	-0.354918	-0.011270	0.011270	0.045082	-0.045082	
-0.029578	-0.414070	0.414070	0.029578	-0.003757	-0.052595	0.052595	0.003757	
-0.006667	-0.093333	-0.373332	-0.026668	0.006667	0.093333	0.373332	0.026668	
		Derivative: dxydsf
-0.177459	0.177459	0.709837	-0.709837	-0.022541	0.022541	0.090163	-0.090163	0.005844	-0.033675	-0.134701	0.023375	0.000742	-0.004277	-0.017110	0.002969	
0.013334	0.186666	0.746664	0.053336	-0.013334	-0.186666	-0.746664	-0.053336	-0.000579	-0.008099	-0.032395	-0.002314	0.000579	0.008099	0.032395	0.002314	
-0.059156	-0.828140	0.828140	0.059156	-0.007514	-0.105190	0.105190	0.007514	0.006009	0.084126	0.156854	0.011204	0.000763	0.010686	0.019923	0.001423	

	Gauss Point [14]
		Location£ºx = 0.633330, y = 0.887296, z = 0.500000
			r = 0.335398 dir = [0.073341 0.000000 0.997307]
		ShapeFunc sf [1~16]:
0.162672	0.280976	0.280976	0.162672	0.020663	0.035689	0.035689	0.020663	-0.019014	-0.032842	-0.032842	-0.019014	-0.002415	-0.004172	-0.004172	-0.002415	
		Derivative: dsf
-0.221824	0.221824	0.221824	-0.221824	-0.028176	0.028176	0.028176	-0.028176	
-0.162672	-0.280976	0.280976	0.162672	-0.020663	-0.035689	0.035689	0.020663	
-0.091668	-0.158332	-0.158332	-0.091668	0.091668	0.158332	0.158332	0.091668	
		Derivative: dxydsf
-0.443648	0.443648	0.443648	-0.443648	-0.056352	0.056352	0.056352	-0.056352	0.062482	-0.033505	-0.033505	0.062482	0.007936	-0.004256	-0.004256	0.007936	
0.183335	0.316665	0.316665	0.183335	-0.183335	-0.316665	-0.316665	-0.183335	-0.021429	-0.037014	-0.037014	-0.021429	0.021429	0.037014	0.037014	0.021429	
-0.325345	-0.561951	0.561951	0.325345	-0.041325	-0.071379	0.071379	0.041325	0.182509	0.315239	0.183869	0.106452	0.023182	0.040041	0.023355	0.013521	

	Gauss Point [15]
		Location£ºx = 0.933330, y = 0.887296, z = 0.200000
			r = 0.604659 dir = [0.399468 0.000000 0.916747]
		ShapeFunc sf [1~16]:
0.047325	0.662512	0.165628	0.011831	0.006011	0.084152	0.021038	0.001503	-0.000987	-0.013821	-0.003455	-0.000247	-0.000125	-0.001756	-0.000439	-0.000031	
		Derivative: dsf
-0.354918	0.354918	0.088730	-0.088730	-0.045082	0.045082	0.011270	-0.011270	
-0.029578	-0.414070	0.414070	0.029578	-0.003757	-0.052595	0.052595	0.003757	
-0.026668	-0.373332	-0.093333	-0.006667	0.026668	0.373332	0.093333	0.006667	
		Derivative: dxydsf
-0.709837	0.709837	0.177459	-0.177459	-0.090163	0.090163	0.022541	-0.022541	0.017814	0.027258	0.006814	0.004453	0.002263	0.003462	0.000866	0.000566	
0.053336	0.746664	0.186666	0.013334	-0.053336	-0.746664	-0.186666	-0.013334	-0.001113	-0.015577	-0.003894	-0.000278	0.001113	0.015577	0.003894	0.000278	
-0.059156	-0.828140	0.828140	0.059156	-0.007514	-0.105190	0.105190	0.007514	0.008130	0.113816	0.006858	0.000490	0.001033	0.014457	0.000871	0.000062	

	Gauss Point [16]
		Location£ºx = 0.833330, y = 0.500000, z = 0.500000
			r = 0.252927 dir = [0.196121 0.000000 0.980580]
		ShapeFunc sf [1~16]:
0.041667	0.208333	0.208333	0.041667	0.041667	0.208333	0.208333	0.041667	-0.008256	-0.041281	-0.041281	-0.008256	-0.008256	-0.041281	-0.041281	-0.008256	
		Derivative: dsf
-0.125000	0.125000	0.125000	-0.125000	-0.125000	0.125000	0.125000	-0.125000	
-0.041667	-0.208333	0.208333	0.041667	-0.041667	-0.208333	0.208333	0.041667	
-0.041667	-0.208333	-0.208333	-0.041667	0.041667	0.208333	0.208333	0.041667	
		Derivative: dxydsf
-0.250000	0.250000	0.250000	-0.250000	-0.250000	0.250000	0.250000	-0.250000	0.061875	0.012147	0.012147	0.061875	0.061875	0.012147	0.012147	0.061875	
0.083335	0.416665	0.416665	0.083335	-0.083335	-0.416665	-0.416665	-0.083335	-0.016513	-0.082562	-0.082562	-0.016513	0.016513	0.082562	0.082562	0.016513	
-0.083335	-0.416665	0.416665	0.083335	-0.083335	-0.416665	0.416665	0.083335	0.078197	0.390976	0.225852	0.045172	0.078197	0.390976	0.225852	0.045172	

	Gauss Point [17]
		Location£ºx = 0.933330, y = 0.500000, z = 0.800000
			r = 0.092893 dir = [0.341764 0.000000 0.939786]
		ShapeFunc sf [1~16]:
0.006667	0.093333	0.373332	0.026668	0.006667	0.093333	0.373332	0.026668	-0.003679	-0.051504	-0.206015	-0.014716	-0.003679	-0.051504	-0.206015	-0.014716	
		Derivative: dsf
-0.050000	0.050000	0.200000	-0.200000	-0.050000	0.050000	0.200000	-0.200000	
-0.016668	-0.233332	0.233332	0.016668	-0.016668	-0.233332	0.233332	0.016668	
-0.006667	-0.093333	-0.373332	-0.026668	0.006667	0.093333	0.373332	0.026668	
		Derivative: dxydsf
-0.100000	0.100000	0.400000	-0.400000	-0.100000	0.100000	0.400000	-0.400000	0.064763	0.078929	0.315715	0.259051	0.064763	0.078929	0.315715	0.259051	
0.013334	0.186666	0.746664	0.053336	-0.013334	-0.186666	-0.746664	-0.053336	-0.007358	-0.103007	-0.412030	-0.029432	0.007358	0.103008	0.412031	0.029432	
-0.033335	-0.466665	0.466665	0.033335	-0.033335	-0.466665	0.466665	0.033335	0.044738	0.626300	1.217606	0.086977	0.044738	0.626300	1.217606	0.086977	

	Gauss Point [18]
		Location£ºx = 0.633330, y = 0.500000, z = 0.500000
			r = 0.217802 dir = [0.501042 0.000000 0.865423]
		ShapeFunc sf [1~16]:
0.091668	0.158332	0.158332	0.091668	0.091668	0.158332	0.158332	0.091668	-0.022742	-0.039282	-0.039282	-0.022742	-0.022742	-0.039282	-0.039282	-0.022742	
		Derivative: dsf
-0.125000	0.125000	0.125000	-0.125000	-0.125000	0.125000	0.125000	-0.125000	
-0.091668	-0.158332	0.158332	0.091668	-0.091668	-0.158332	0.158332	0.091668	
-0.091668	-0.158332	-0.158332	-0.091668	0.091668	0.158332	0.158332	0.091668	
		Derivative: dxydsf
-0.250000	0.250000	0.250000	-0.250000	-0.250000	0.250000	0.250000	-0.250000	0.148843	0.087933	0.087933	0.148843	0.148843	0.087933	0.087933	0.148843	
0.183335	0.316665	0.316665	0.183335	-0.183335	-0.316665	-0.316665	-0.183335	-0.045485	-0.078564	-0.078564	-0.045485	0.045485	0.078564	0.078564	0.045485	
-0.183335	-0.316665	0.316665	0.183335	-0.183335	-0.316665	0.316665	0.183335	0.195442	0.337577	0.180449	0.104472	0.195442	0.337577	0.180449	0.104472	

	Gauss Point [19]
		Location£ºx = 0.933330, y = 0.500000, z = 0.200000
			r = 0.468321 dir = [0.016948 0.000000 0.999856]
		ShapeFunc sf [1~16]:
0.026668	0.373332	0.093333	0.006667	0.026668	0.373332	0.093333	0.006667	-0.001331	-0.018638	-0.004660	-0.000333	-0.001331	-0.018638	-0.004660	-0.000333	
		Derivative: dsf
-0.200000	0.200000	0.050000	-0.050000	-0.200000	0.200000	0.050000	-0.050000	
-0.016668	-0.233332	0.233332	0.016668	-0.016668	-0.233332	0.233332	0.016668	
-0.026668	-0.373332	-0.093333	-0.006667	0.026668	0.373332	0.093333	0.006667	
		Derivative: dxydsf
-0.400000	0.400000	0.100000	-0.100000	-0.400000	0.400000	0.100000	-0.100000	0.020142	-0.017563	-0.004391	0.005035	0.020142	-0.017563	-0.004391	0.005035	
0.053336	0.746664	0.186666	0.013334	-0.053336	-0.746664	-0.186666	-0.013334	-0.002663	-0.037276	-0.009319	-0.000666	0.002663	0.037276	0.009319	0.000666	
-0.033335	-0.466665	0.466665	0.033335	-0.033335	-0.466665	0.466665	0.033335	0.011807	0.165283	0.012199	0.000871	0.011807	0.165283	0.012199	0.000871	

	Gauss Point [20]
		Location£ºx = 0.833330, y = 0.112704, z = 0.500000
			r = 0.104279 dir = [0.844151 0.000000 0.536105]
		ShapeFunc sf [1~16]:
0.009392	0.046960	0.046960	0.009392	0.073943	0.369705	0.369705	0.073943	-0.004819	-0.024093	-0.024093	-0.004819	-0.037936	-0.189677	-0.189677	-0.037936	
		Derivative: dsf
-0.028176	0.028176	0.028176	-0.028176	-0.221824	0.221824	0.221824	-0.221824	
-0.009392	-0.046960	0.046960	0.009392	-0.073943	-0.369705	0.369705	0.073943	
-0.041667	-0.208333	-0.208333	-0.041667	0.041667	0.208333	0.208333	0.041667	
		Derivative: dxydsf
-0.056352	0.056352	0.056352	-0.056352	-0.443648	0.443648	0.443648	-0.443648	0.059903	0.126044	0.126044	0.059903	0.471605	0.992317	0.992317	0.471605	
0.083335	0.416665	0.416665	0.083335	-0.083335	-0.416665	-0.416665	-0.083335	-0.042755	-0.213769	-0.213769	-0.042755	0.042755	0.213769	0.213769	0.042755	
-0.018784	-0.093920	0.093920	0.018784	-0.147886	-0.739411	0.739411	0.147886	0.029320	0.146594	0.050224	0.010045	0.230827	1.154109	0.395402	0.079082	

	Gauss Point [21]
		Location£ºx = 0.933330, y = 0.112704, z = 0.800000
			r = 0.392046 dir = [0.755248 0.000000 -0.655439]
		ShapeFunc sf [1~16]:
0.001503	0.021038	0.084152	0.006011	0.011831	0.165628	0.662512	0.047325	-0.000122	-0.001711	-0.006845	-0.000489	-0.000962	-0.013473	-0.053890	-0.003849	
		Derivative: dsf
-0.011270	0.011270	0.045082	-0.045082	-0.088730	0.088730	0.354918	-0.354918	
-0.003757	-0.052595	0.052595	0.003757	-0.029578	-0.414070	0.414070	0.029578	
-0.006667	-0.093333	-0.373332	-0.026668	0.006667	0.093333	0.373332	0.026668	
		Derivative: dxydsf
-0.022541	0.022541	0.090163	-0.090163	-0.177459	0.177459	0.709837	-0.709837	0.002537	0.008014	0.032054	0.010148	0.019973	0.063090	0.252358	0.079891	
0.013334	0.186666	0.746664	0.053336	-0.013334	-0.186666	-0.746664	-0.053336	-0.001085	-0.015184	-0.060735	-0.004338	0.001085	0.015184	0.060735	0.004338	
-0.007514	-0.105190	0.105190	0.007514	-0.059156	-0.828140	0.828140	0.059156	0.000001	0.000011	-0.042739	-0.003053	0.000006	0.000083	-0.336479	-0.024036	

	Gauss Point [22]
		Location£ºx = 0.633330, y = 0.112704, z = 0.500000
			r = 0.198264 dir = [0.976768 0.000000 0.214297]
		ShapeFunc sf [1~16]:
0.020663	0.035689	0.035689	0.020663	0.162672	0.280976	0.280976	0.162672	-0.005809	-0.010034	-0.010034	-0.005809	-0.045734	-0.078995	-0.078995	-0.045734	
		Derivative: dsf
-0.028176	0.028176	0.028176	-0.028176	-0.221824	0.221824	0.221824	-0.221824	
-0.020663	-0.035689	0.035689	0.020663	-0.162672	-0.280976	0.280976	0.162672	
-0.091668	-0.158332	-0.158332	-0.091668	0.091668	0.158332	0.158332	0.091668	
		Derivative: dxydsf
-0.056352	0.056352	0.056352	-0.056352	-0.443648	0.443648	0.443648	-0.443648	0.059075	0.058829	0.058829	0.059075	0.465087	0.463153	0.463153	0.465087	
0.183335	0.316665	0.316665	0.183335	-0.183335	-0.316665	-0.316665	-0.183335	-0.051544	-0.089029	-0.089029	-0.051544	0.051544	0.089029	0.089029	0.051544	
-0.041325	-0.071379	0.071379	0.041325	-0.325345	-0.561951	0.561951	0.325345	0.021103	0.036450	-0.003685	-0.002133	0.166141	0.286967	-0.029012	-0.016796	

	Gauss Point [23]
		Location£ºx = 0.933330, y = 0.112704, z = 0.200000
			r = 0.443840 dir = [-0.508445 0.000000 0.861095]
		ShapeFunc sf [1~16]:
0.006011	0.084152	0.021038	0.001503	0.047325	0.662512	0.165628	0.011831	-0.000351	-0.004914	-0.001228	-0.000088	-0.002763	-0.038685	-0.009671	-0.000691	
		Derivative: dsf
-0.045082	0.045082	0.011270	-0.011270	-0.354918	0.354918	0.088730	-0.088730	
-0.003757	-0.052595	0.052595	0.003757	-0.029578	-0.414070	0.414070	0.029578	
-0.026668	-0.373332	-0.093333	-0.006667	0.026668	0.373332	0.093333	0.006667	
		Derivative: dxydsf
-0.090163	0.090163	0.022541	-0.022541	-0.709837	0.709837	0.177459	-0.177459	0.003905	-0.024300	-0.006075	0.000976	0.030744	-0.191311	-0.047828	0.007686	
0.053336	0.746664	0.186666	0.013334	-0.053336	-0.746664	-0.186666	-0.013334	-0.003114	-0.043599	-0.010900	-0.000779	0.003114	0.043599	0.010900	0.000779	
-0.007514	-0.105190	0.105190	0.007514	-0.059156	-0.828140	0.828140	0.059156	0.002742	0.038380	0.001917	0.000137	0.021584	0.302161	0.015094	0.001078	

	Gauss Point [24]
		Location£ºx = 0.500000, y = 0.887296, z = 0.166670
			r = 0.484978 dir = [0.023055 0.000000 0.999734]
		ShapeFunc sf [1~16]:
0.369705	0.369705	0.073943	0.073943	0.046960	0.046960	0.009392	0.009392	-0.016591	-0.016591	-0.003318	-0.003318	-0.002107	-0.002107	-0.000421	-0.000421	
		Derivative: dsf
-0.369705	0.369705	0.073943	-0.073943	-0.046960	0.046960	0.009392	-0.009392	
-0.221824	-0.221824	0.221824	0.221824	-0.028176	-0.028176	0.028176	0.028176	
-0.208333	-0.208333	-0.041667	-0.041667	0.208333	0.208333	0.041667	0.041667	
		Derivative: dxydsf
-0.739411	0.739411	0.147886	-0.147886	-0.093920	0.093920	0.018784	-0.018784	0.036096	-0.030267	-0.006054	0.007219	0.004585	-0.003845	-0.000769	0.000917	
0.416665	0.416665	0.083335	0.083335	-0.416665	-0.416665	-0.083335	-0.083335	-0.018698	-0.018698	-0.003740	-0.003740	0.018698	0.018698	0.003740	0.003740	
-0.443648	-0.443648	0.443648	0.443648	-0.056352	-0.056352	0.056352	0.056352	0.146282	0.146282	0.005366	0.005366	0.018581	0.018581	0.000682	0.000682	

	Gauss Point [25]
		Location£ºx = 0.800000, y = 0.887296, z = 0.066670
			r = 0.621100 dir = [0.388894 0.000000 0.921282]
		ShapeFunc sf [1~16]:
0.165628	0.662512	0.047325	0.011831	0.021038	0.084152	0.006011	0.001503	-0.003110	-0.012441	-0.000889	-0.000222	-0.000395	-0.001580	-0.000113	-0.000028	
		Derivative: dsf
-0.414070	0.414070	0.029578	-0.029578	-0.052595	0.052595	0.003757	-0.003757	
-0.088730	-0.354918	0.354918	0.088730	-0.011270	-0.045082	0.045082	0.011270	
-0.093333	-0.373332	-0.026668	-0.006667	0.093333	0.373332	0.026668	0.006667	
		Derivative: dxydsf
-0.828140	0.828140	0.059156	-0.059156	-0.105190	0.105190	0.007514	-0.007514	0.024767	0.021312	0.001522	0.001769	0.003146	0.002707	0.000193	0.000225	
0.186666	0.746664	0.053336	0.013334	-0.186666	-0.746664	-0.053336	-0.013334	-0.003505	-0.014021	-0.001002	-0.000250	0.003505	0.014021	0.001002	0.000250	
-0.177459	-0.709837	0.709837	0.177459	-0.022541	-0.090163	0.090163	0.022541	0.025164	0.100657	-0.007092	-0.001773	0.003196	0.012785	-0.000901	-0.000225	

	Gauss Point [26]
		Location£ºx = 0.500000, y = 0.887296, z = 0.366670
			r = 0.353241 dir = [0.069636 0.000000 0.997572]
		ShapeFunc sf [1~16]:
0.280976	0.280976	0.162672	0.162672	0.035689	0.035689	0.020663	0.020663	-0.029298	-0.029298	-0.016962	-0.016962	-0.003721	-0.003721	-0.002155	-0.002155	
		Derivative: dsf
-0.280976	0.280976	0.162672	-0.162672	-0.035689	0.035689	0.020663	-0.020663	
-0.221824	-0.221824	0.221824	0.221824	-0.028176	-0.028176	0.028176	0.028176	
-0.158332	-0.158332	-0.091668	-0.091668	0.158332	0.158332	0.091668	0.091668	
		Derivative: dxydsf
-0.561951	0.561951	0.325345	-0.325345	-0.071379	0.071379	0.041325	-0.041325	0.074141	-0.043052	-0.024925	0.042924	0.009417	-0.005468	-0.003166	0.005452	
0.316665	0.316665	0.183335	0.183335	-0.316665	-0.316665	-0.183335	-0.183335	-0.033020	-0.033020	-0.019117	-0.019117	0.033020	0.033020	0.019117	0.019117	
-0.443648	-0.443648	0.443648	0.443648	-0.056352	-0.056352	0.056352	0.056352	0.268942	0.268942	0.082663	0.082663	0.034161	0.034161	0.010500	0.010500	

	Gauss Point [27]
		Location£ºx = 0.200000, y = 0.887296, z = 0.066670
			r = 0.578751 dir = [-0.401895 0.000000 0.915686]
		ShapeFunc sf [1~16]:
0.662512	0.165628	0.011831	0.047325	0.084152	0.021038	0.001503	0.006011	-0.016314	-0.004079	-0.000291	-0.001165	-0.002072	-0.000518	-0.000037	-0.000148	
		Derivative: dsf
-0.414070	0.414070	0.029578	-0.029578	-0.052595	0.052595	0.003757	-0.003757	
-0.354918	-0.088730	0.088730	0.354918	-0.045082	-0.011270	0.011270	0.045082	
-0.373332	-0.093333	-0.006667	-0.026668	0.373332	0.093333	0.006667	0.026668	
		Derivative: dxydsf
-0.828140	0.828140	0.059156	-0.059156	-0.105190	0.105190	0.007514	-0.007514	-0.029562	-0.032881	-0.002349	-0.002112	-0.003755	-0.004177	-0.000298	-0.000268	
0.746664	0.186666	0.013334	0.053336	-0.746664	-0.186666	-0.013334	-0.053336	-0.018386	-0.004597	-0.000328	-0.001313	0.018386	0.004597	0.000328	0.001313	
-0.709837	-0.177459	0.177459	0.709837	-0.090163	-0.022541	0.022541	0.090163	0.131298	0.032824	-0.002337	-0.009349	0.016677	0.004169	-0.000297	-0.001188	

	Gauss Point [28]
		Location£ºx = 0.500000, y = 0.500000, z = 0.166670
			r = 0.449173 dir = [0.110434 0.000000 0.993883]
		ShapeFunc sf [1~16]:
0.208333	0.208333	0.041667	0.041667	0.208333	0.208333	0.041667	0.041667	-0.011757	-0.011757	-0.002351	-0.002351	-0.011757	-0.011757	-0.002351	-0.002351	
		Derivative: dsf
-0.208333	0.208333	0.041667	-0.041667	-0.208333	0.208333	0.041667	-0.041667	
-0.125000	-0.125000	0.125000	0.125000	-0.125000	-0.125000	0.125000	0.125000	
-0.208333	-0.208333	-0.041667	-0.041667	0.208333	0.208333	0.041667	0.041667	
		Derivative: dxydsf
-0.416665	0.416665	0.083335	-0.083335	-0.416665	0.416665	0.083335	-0.083335	0.033406	-0.013621	-0.002724	0.006681	0.033406	-0.013621	-0.002724	0.006681	
0.416665	0.416665	0.083335	0.083335	-0.416665	-0.416665	-0.083335	-0.083335	-0.023514	-0.023514	-0.004703	-0.004703	0.023514	0.023514	0.004703	0.004703	
-0.250000	-0.250000	0.250000	0.250000	-0.250000	-0.250000	0.250000	0.250000	0.103136	0.103136	0.003698	0.003698	0.103136	0.103136	0.003698	0.003698	

	Gauss Point [29]
		Location£ºx = 0.800000, y = 0.500000, z = 0.066670
			r = 0.547674 dir = [0.014492 0.000000 0.999895]
		ShapeFunc sf [1~16]:
0.093333	0.373332	0.026668	0.006667	0.093333	0.373332	0.026668	0.006667	-0.002804	-0.011216	-0.000801	-0.000200	-0.002804	-0.011216	-0.000801	-0.000200	
		Derivative: dsf
-0.233332	0.233332	0.016668	-0.016668	-0.233332	0.233332	0.016668	-0.016668	
-0.050000	-0.200000	0.200000	0.050000	-0.050000	-0.200000	0.200000	0.050000	
-0.093333	-0.373332	-0.026668	-0.006667	0.093333	0.373332	0.026668	0.006667	
		Derivative: dxydsf
-0.466665	0.466665	0.033335	-0.033335	-0.466665	0.466665	0.033335	-0.033335	0.014330	-0.012782	-0.000913	0.001024	0.014330	-0.012782	-0.000913	0.001024	
0.186666	0.746664	0.053336	0.013334	-0.186666	-0.746664	-0.053336	-0.013334	-0.005608	-0.022432	-0.001602	-0.000401	0.005608	0.022432	0.001602	0.000401	
-0.100000	-0.400000	0.400000	0.100000	-0.100000	-0.400000	0.400000	0.100000	0.024366	0.097465	-0.005914	-0.001478	0.024366	0.097465	-0.005914	-0.001478	

	Gauss Point [30]
		Location£ºx = 0.500000, y = 0.500000, z = 0.366670
			r = 0.289231 dir = [0.377304 0.000000 0.926090]
		ShapeFunc sf [1~16]:
0.158332	0.158332	0.091668	0.091668	0.158332	0.158332	0.091668	0.091668	-0.024869	-0.024869	-0.014398	-0.014398	-0.024869	-0.024869	-0.014398	-0.014398	
		Derivative: dsf
-0.158332	0.158332	0.091668	-0.091668	-0.158332	0.158332	0.091668	-0.091668	
-0.125000	-0.125000	0.125000	0.125000	-0.125000	-0.125000	0.125000	0.125000	
-0.158332	-0.158332	-0.091668	-0.091668	0.158332	0.158332	0.091668	0.091668	
		Derivative: dxydsf
-0.316665	0.316665	0.183335	-0.183335	-0.316665	0.316665	0.183335	-0.183335	0.121228	0.021753	0.012594	0.070186	0.121228	0.021753	0.012594	0.070186	
0.316665	0.316665	0.183335	0.183335	-0.316665	-0.316665	-0.183335	-0.183335	-0.049738	-0.049738	-0.028796	-0.028796	0.049738	0.049738	0.028796	0.028796	
-0.250000	-0.250000	0.250000	0.250000	-0.250000	-0.250000	0.250000	0.250000	0.214740	0.214740	0.062324	0.062324	0.214740	0.214740	0.062324	0.062324	

	Gauss Point [31]
		Location£ºx = 0.200000, y = 0.500000, z = 0.066670
			r = 0.524767 dir = [0.060498 0.000000 0.998168]
		ShapeFunc sf [1~16]:
0.373332	0.093333	0.006667	0.026668	0.373332	0.093333	0.006667	0.026668	-0.012987	-0.003247	-0.000232	-0.000928	-0.012987	-0.003247	-0.000232	-0.000928	
		Derivative: dsf
-0.233332	0.233332	0.016668	-0.016668	-0.233332	0.233332	0.016668	-0.016668	
-0.200000	-0.050000	0.050000	0.200000	-0.200000	-0.050000	0.050000	0.200000	
-0.373332	-0.093333	-0.006667	-0.026668	0.373332	0.093333	0.006667	0.026668	
		Derivative: dxydsf
-0.466665	0.466665	0.033335	-0.033335	-0.466665	0.466665	0.033335	-0.033335	0.022220	-0.014737	-0.001053	0.001587	0.022220	-0.014737	-0.001053	0.001587	
0.746664	0.186666	0.013334	0.053336	-0.746664	-0.186666	-0.013334	-0.053336	-0.025974	-0.006494	-0.000464	-0.001855	0.025974	0.006494	0.000464	0.001855	
-0.400000	-0.100000	0.100000	0.400000	-0.400000	-0.100000	0.100000	0.400000	0.112683	0.028171	-0.001715	-0.006860	0.112683	0.028171	-0.001715	-0.006860	

	Gauss Point [32]
		Location£ºx = 0.500000, y = 0.112704, z = 0.166670
			r = 0.417391 dir = [0.210899 0.000000 0.977508]
		ShapeFunc sf [1~16]:
0.046960	0.046960	0.009392	0.009392	0.369705	0.369705	0.073943	0.073943	-0.003248	-0.003248	-0.000650	-0.000650	-0.025570	-0.025570	-0.005114	-0.005114	
		Derivative: dsf
-0.046960	0.046960	0.009392	-0.009392	-0.369705	0.369705	0.073943	-0.073943	
-0.028176	-0.028176	0.028176	0.028176	-0.221824	-0.221824	0.221824	0.221824	
-0.208333	-0.208333	-0.041667	-0.041667	0.208333	0.208333	0.041667	0.041667	
		Derivative: dxydsf
-0.093920	0.093920	0.018784	-0.018784	-0.739411	0.739411	0.147886	-0.147886	0.011714	-0.001277	-0.000255	0.002343	0.092226	-0.010053	-0.002011	0.018446	
0.416665	0.416665	0.083335	0.083335	-0.416665	-0.416665	-0.083335	-0.083335	-0.028818	-0.028818	-0.005764	-0.005764	0.028818	0.028818	0.005764	0.005764	
-0.056352	-0.056352	0.056352	0.056352	-0.443648	-0.443648	0.443648	0.443648	0.028086	0.028086	0.000940	0.000940	0.221118	0.221118	0.007404	0.007404	

	Gauss Point [33]
		Location£ºx = 0.800000, y = 0.112704, z = 0.066670
			r = 0.569633 dir = [-0.396164 0.000000 0.918180]
		ShapeFunc sf [1~16]:
0.021038	0.084152	0.006011	0.001503	0.165628	0.662512	0.047325	0.011831	-0.000549	-0.002197	-0.000157	-0.000039	-0.004324	-0.017295	-0.001235	-0.000309	
		Derivative: dsf
-0.052595	0.052595	0.003757	-0.003757	-0.414070	0.414070	0.029578	-0.029578	
-0.011270	-0.045082	0.045082	0.011270	-0.088730	-0.354918	0.354918	0.088730	
-0.093333	-0.373332	-0.026668	-0.006667	0.093333	0.373332	0.026668	0.006667	
		Derivative: dxydsf
-0.105190	0.105190	0.007514	-0.007514	-0.828140	0.828140	0.059156	-0.059156	0.001088	-0.009377	-0.000670	0.000078	0.008568	-0.073820	-0.005273	0.000612	
0.186666	0.746664	0.053336	0.013334	-0.186666	-0.746664	-0.053336	-0.013334	-0.004873	-0.019491	-0.001392	-0.000348	0.004873	0.019491	0.001392	0.000348	
-0.022541	-0.090163	0.090163	0.022541	-0.177459	-0.709837	0.709837	0.177459	0.004430	0.017721	-0.001256	-0.000314	0.034879	0.139516	-0.009888	-0.002472	

	Gauss Point [34]
		Location£ºx = 0.500000, y = 0.112704, z = 0.366670
			r = 0.266667 dir = [0.726216 0.000000 0.687467]
		ShapeFunc sf [1~16]:
0.035689	0.035689	0.020663	0.020663	0.280976	0.280976	0.162672	0.162672	-0.006477	-0.006477	-0.003750	-0.003750	-0.050989	-0.050989	-0.029520	-0.029520	
		Derivative: dsf
-0.035689	0.035689	0.020663	-0.020663	-0.280976	0.280976	0.162672	-0.162672	
-0.028176	-0.028176	0.028176	0.028176	-0.221824	-0.221824	0.221824	0.221824	
-0.158332	-0.158332	-0.091668	-0.091668	0.158332	0.158332	0.091668	0.091668	
		Derivative: dxydsf
-0.071379	0.071379	0.041325	-0.041325	-0.561951	0.561951	0.325345	-0.325345	0.048788	0.022882	0.013248	0.028246	0.384100	0.180146	0.104297	0.222377	
0.316665	0.316665	0.183335	0.183335	-0.316665	-0.316665	-0.183335	-0.183335	-0.057465	-0.057465	-0.033270	-0.033270	0.057465	0.057465	0.033270	0.033270	
-0.056352	-0.056352	0.056352	0.056352	-0.443648	-0.443648	0.443648	0.443648	0.044149	0.044149	0.009414	0.009414	0.347579	0.347579	0.074113	0.074113	

	Gauss Point [35]
		Location£ºx = 0.200000, y = 0.112704, z = 0.066670
			r = 0.596356 dir = [0.496502 0.000000 0.868035]
		ShapeFunc sf [1~16]:
0.084152	0.021038	0.001503	0.006011	0.662512	0.165628	0.011831	0.047325	-0.001851	-0.000463	-0.000033	-0.000132	-0.014576	-0.003644	-0.000260	-0.001041	
		Derivative: dsf
-0.052595	0.052595	0.003757	-0.003757	-0.414070	0.414070	0.029578	-0.029578	
-0.045082	-0.011270	0.011270	0.045082	-0.354918	-0.088730	0.088730	0.354918	
-0.373332	-0.093333	-0.006667	-0.026668	0.373332	0.093333	0.006667	0.026668	
		Derivative: dxydsf
-0.105190	0.105190	0.007514	-0.007514	-0.828140	0.828140	0.059156	-0.059156	0.009318	-0.000563	-0.000040	0.000666	0.073358	-0.004435	-0.000317	0.005240	
0.746664	0.186666	0.013334	0.053336	-0.746664	-0.186666	-0.013334	-0.053336	-0.016427	-0.004107	-0.000293	-0.001173	0.016427	0.004107	0.000293	0.001173	
-0.090163	-0.022541	0.022541	0.090163	-0.709837	-0.177459	0.177459	0.709837	0.014228	0.003557	-0.000277	-0.001109	0.112015	0.028004	-0.002183	-0.008731	

	Gauss Point [36]
		Location£ºx = 0.166670, y = 0.887296, z = 0.500000
			r = 0.104279 dir = [0.536105 0.000000 0.844151]
		ShapeFunc sf [1~16]:
0.369705	0.073943	0.073943	0.369705	0.046960	0.009392	0.009392	0.046960	-0.189677	-0.037936	-0.037936	-0.189677	-0.024093	-0.004819	-0.004819	-0.024093	
		Derivative: dsf
-0.221824	0.221824	0.221824	-0.221824	-0.028176	0.028176	0.028176	-0.028176	
-0.369705	-0.073943	0.073943	0.369705	-0.046960	-0.009392	0.009392	0.046960	
-0.208333	-0.041667	-0.041667	-0.208333	0.208333	0.041667	0.041667	0.208333	
		Derivative: dxydsf
-0.443648	0.443648	0.443648	-0.443648	-0.056352	0.056352	0.056352	-0.056352	1.002368	-0.072658	-0.072658	1.002368	0.127320	-0.009229	-0.009229	0.127320	
0.416665	0.083335	0.083335	0.416665	-0.416665	-0.083335	-0.083335	-0.416665	-0.213769	-0.042755	-0.042755	-0.213769	0.213769	0.042755	0.042755	0.213769	
-0.739411	-0.147886	0.147886	0.739411	-0.093920	-0.018784	0.018784	0.093920	1.599283	0.319864	0.168119	0.840576	0.203140	0.040629	0.021354	0.106770	

	Gauss Point [37]
		Location£ºx = 0.066670, y = 0.887296, z = 0.200000
			r = 0.428847 dir = [-0.500663 0.000000 0.865642]
		ShapeFunc sf [1~16]:
0.662512	0.047325	0.011831	0.165628	0.084152	0.006011	0.001503	0.021038	-0.042582	-0.003042	-0.000760	-0.010645	-0.005409	-0.000386	-0.000097	-0.001352	
		Derivative: dsf
-0.354918	0.354918	0.088730	-0.088730	-0.045082	0.045082	0.011270	-0.011270	
-0.414070	-0.029578	0.029578	0.414070	-0.052595	-0.003757	0.003757	0.052595	
-0.373332	-0.026668	-0.006667	-0.093333	0.373332	0.026668	0.006667	0.093333	
		Derivative: dxydsf
-0.709837	0.709837	0.177459	-0.177459	-0.090163	0.090163	0.022541	-0.022541	-0.116807	-0.057226	-0.014307	-0.029202	-0.014837	-0.007269	-0.001817	-0.003709	
0.746664	0.053336	0.013334	0.186666	-0.746664	-0.053336	-0.013334	-0.186666	-0.047990	-0.003428	-0.000857	-0.011998	0.047990	0.003428	0.000857	0.011998	
-0.828140	-0.059156	0.059156	0.828140	-0.105190	-0.007514	0.007514	0.105190	0.334068	0.023863	0.001213	0.016983	0.042433	0.003031	0.000154	0.002157	

	Gauss Point [38]
		Location£ºx = 0.366670, y = 0.887296, z = 0.500000
			r = 0.198264 dir = [0.214297 0.000000 0.976768]
		ShapeFunc sf [1~16]:
0.280976	0.162672	0.162672	0.280976	0.035689	0.020663	0.020663	0.035689	-0.078995	-0.045734	-0.045734	-0.078995	-0.010034	-0.005809	-0.005809	-0.010034	
		Derivative: dsf
