        0DDDD          TTTTTTTTTTTTT     FFFF5FFFFFFF      SSSSSSSSSSS
        DD   DDD        TTTTTTTTTTT      FFFFFFFFFFF      SSSSSSSSSSS
        DD     DD           TTT          FF               SSS
        DD      DD          TTT          FF                 SSS
        DD      DDD         TTT          FFFFFFFFFF           SSS
        DD      DDD         TTT          FFFFFFFFF              SSS
        DD      DD          TTT          FF                       SSS
        DD     DD           TTT          FF                        SSS
        DD   DDD             T           FF                 SSSSSSSSSS
        DDDDD                T           F                 SSSSSSSSSS



*** This log file includes the shape function matrix.


*********  Gauss Point [0]  *********
Location£ºx =  0.5000, y =  0.9531, z =  0.8333
	r =  0.3968 dir = [ 0.0000  0.0000  1.0000]
ShapeFunc sf [1~16]:
	 0.0794	 0.0794	 0.3971	 0.3971	 0.0039	 0.0039	 0.0195	 0.0195	-0.0063	-0.0063	-0.0313	-0.0313	-0.0003	-0.0003	-0.0015	-0.0015	
Derivative: dsf
	-0.0794	 0.0794	 0.3971	-0.3971	-0.0039	 0.0039	 0.0195	-0.0195	
	-0.2383	-0.2383	 0.2383	 0.2383	-0.0117	-0.0117	 0.0117	 0.0117	
	-0.0417	-0.0417	-0.2083	-0.2083	 0.0417	 0.0417	 0.2083	 0.2083	
Derivative: dxydsf
	-0.1589	 0.1589	 0.7942	-0.7942	-0.0078	 0.0078	 0.0391	-0.0391	 0.0125	-0.0125	-0.0627	 0.0627	 0.0006	-0.0006	-0.0031	 0.0031	
	 0.0833	 0.0833	 0.4167	 0.4167	-0.0833	-0.0833	-0.4167	-0.4167	-0.0066	-0.0066	-0.0329	-0.0329	 0.0066	 0.0066	 0.0329	 0.0329	
	-0.4765	-0.4765	 0.4765	 0.4765	-0.0235	-0.0235	 0.0235	 0.0235	 0.0853	 0.0853	 0.2011	 0.2011	 0.0042	 0.0042	 0.0099	 0.0099	
Weight w :  0.0533
Det det :  0.1250

*********  Gauss Point [1]  *********
Location£ºx =  0.7052, y =  0.9531, z =  0.7649
	r =  0.3989 dir = [ 0.6124  0.0000  0.7906]
ShapeFunc sf [1~16]:
	 0.0660	 0.1580	 0.5141	 0.2149	 0.0033	 0.0078	 0.0253	 0.0106	-0.0051	-0.0123	-0.0400	-0.0167	-0.0003	-0.0006	-0.0020	-0.0008	
Derivative: dsf
	-0.1120	 0.1120	 0.3645	-0.3645	-0.0055	 0.0055	 0.0179	-0.0179	
	-0.1405	-0.3361	 0.3361	 0.1405	-0.0069	-0.0165	 0.0165	 0.0069	
	-0.0346	-0.0829	-0.2697	-0.1127	 0.0346	 0.0829	 0.2697	 0.1127	
Derivative: dxydsf
	-0.2240	 0.2240	 0.7290	-0.7290	-0.0110	 0.0110	 0.0359	-0.0359	 0.0414	 0.0399	 0.1300	 0.1348	 0.0020	 0.0020	 0.0064	 0.0066	
	 0.0693	 0.1658	 0.5394	 0.2255	-0.0693	-0.1658	-0.5394	-0.2255	-0.0054	-0.0129	-0.0420	-0.0175	 0.0054	 0.0129	 0.0420	 0.0175	
	-0.2810	-0.6721	 0.6721	 0.2810	-0.0138	-0.0331	 0.0331	 0.0138	 0.0528	 0.1264	 0.1887	 0.0789	 0.0026	 0.0062	 0.0093	 0.0039	
Weight w :  0.0314
Det det :  0.1250

*********  Gauss Point [2]  *********
Location£ºx =  0.5000, y =  0.9531, z =  0.9701
	r =  0.5597 dir = [ 0.0000  0.0000  1.0000]
ShapeFunc sf [1~16]:
	 0.0142	 0.0142	 0.4623	 0.4623	 0.0007	 0.0007	 0.0228	 0.0228	-0.0004	-0.0004	-0.0129	-0.0129	-0.0000	-0.0000	-0.0006	-0.0006	
Derivative: dsf
	-0.0142	 0.0142	 0.4623	-0.4623	-0.0007	 0.0007	 0.0228	-0.0228	
	-0.2383	-0.2383	 0.2383	 0.2383	-0.0117	-0.0117	 0.0117	 0.0117	
	-0.0075	-0.0075	-0.2425	-0.2425	 0.0075	 0.0075	 0.2425	 0.2425	
Derivative: dxydsf
	-0.0285	 0.0285	 0.9246	-0.9246	-0.0014	 0.0014	 0.0455	-0.0455	 0.0008	-0.0008	-0.0257	 0.0257	 0.0000	-0.0000	-0.0013	 0.0013	
	 0.0149	 0.0149	 0.4851	 0.4851	-0.0149	-0.0149	-0.4851	-0.4851	-0.0004	-0.0004	-0.0135	-0.0135	 0.0004	 0.0004	 0.0135	 0.0135	
	-0.4765	-0.4765	 0.4765	 0.4765	-0.0235	-0.0235	 0.0235	 0.0235	 0.0163	 0.0163	 0.0847	 0.0847	 0.0008	 0.0008	 0.0042	 0.0042	
Weight w :  0.0314
Det det :  0.1250

*********  Gauss Point [3]  *********
Location£ºx =  0.2948, y =  0.9531, z =  0.7649
	r =  0.3989 dir = [-0.6124  0.0000  0.7906]
ShapeFunc sf [1~16]:
	 0.1580	 0.0660	 0.2149	 0.5141	 0.0078	 0.0033	 0.0106	 0.0253	-0.0123	-0.0051	-0.0167	-0.0400	-0.0006	-0.0003	-0.0008	-0.0020	
Derivative: dsf
	-0.1120	 0.1120	 0.3645	-0.3645	-0.0055	 0.0055	 0.0179	-0.0179	
	-0.3361	-0.1405	 0.1405	 0.3361	-0.0165	-0.0069	 0.0069	 0.0165	
	-0.0829	-0.0346	-0.1127	-0.2697	 0.0829	 0.0346	 0.1127	 0.2697	
Derivative: dxydsf
	-0.2240	 0.2240	 0.7290	-0.7290	-0.0110	 0.0110	 0.0359	-0.0359	-0.0399	-0.0414	-0.1348	-0.1300	-0.0020	-0.0020	-0.0066	-0.0064	
	 0.1658	 0.0693	 0.2255	 0.5394	-0.1658	-0.0693	-0.2255	-0.5394	-0.0129	-0.0054	-0.0175	-0.0420	 0.0129	 0.0054	 0.0175	 0.0420	
	-0.6721	-0.2810	 0.2810	 0.6721	-0.0331	-0.0138	 0.0138	 0.0331	 0.1264	 0.0528	 0.0789	 0.1887	 0.0062	 0.0026	 0.0039	 0.0093	
Weight w :  0.0314
Det det :  0.1250

*********  Gauss Point [4]  *********
Location£ºx =  0.1519, y =  0.9531, z =  0.9494
	r =  0.6767 dir = [-0.6124  0.0000  0.7906]
ShapeFunc sf [1~16]:
	 0.0409	 0.0073	 0.1375	 0.7674	 0.0020	 0.0004	 0.0068	 0.0378	-0.0005	-0.0001	-0.0018	-0.0101	-0.0000	-0.0000	-0.0001	-0.0005	
Derivative: dsf
	-0.0241	 0.0241	 0.4524	-0.4524	-0.0012	 0.0012	 0.0223	-0.0223	
	-0.4041	-0.0724	 0.0724	 0.4041	-0.0199	-0.0036	 0.0036	 0.0199	
	-0.0215	-0.0038	-0.0721	-0.4026	 0.0215	 0.0038	 0.0721	 0.4026	
Derivative: dxydsf
	-0.0483	 0.0483	 0.9048	-0.9048	-0.0024	 0.0024	 0.0445	-0.0445	-0.0019	-0.0011	-0.0203	-0.0352	-0.0001	-0.0001	-0.0010	-0.0017	
	 0.0429	 0.0077	 0.1442	 0.8051	-0.0429	-0.0077	-0.1442	-0.8051	-0.0006	-0.0001	-0.0019	-0.0106	 0.0006	 0.0001	 0.0019	 0.0106	
	-0.8083	-0.1448	 0.1448	 0.8083	-0.0398	-0.0071	 0.0071	 0.0398	 0.0139	 0.0025	 0.0090	 0.0502	 0.0007	 0.0001	 0.0004	 0.0025	
Weight w :  0.0298
Det det :  0.1250

*********  Gauss Point [5]  *********
Location£ºx =  0.5000, y =  0.9531, z =  0.6013
	r =  0.1206 dir = [ 0.0000  0.0000  1.0000]
ShapeFunc sf [1~16]:
	 0.1900	 0.1900	 0.2865	 0.2865	 0.0094	 0.0094	 0.0141	 0.0141	-0.0878	-0.0878	-0.1324	-0.1324	-0.0043	-0.0043	-0.0065	-0.0065	
Derivative: dsf
	-0.1900	 0.1900	 0.2865	-0.2865	-0.0094	 0.0094	 0.0141	-0.0141	
	-0.2383	-0.2383	 0.2383	 0.2383	-0.0117	-0.0117	 0.0117	 0.0117	
	-0.0997	-0.0997	-0.1503	-0.1503	 0.0997	 0.0997	 0.1503	 0.1503	
Derivative: dxydsf
	-0.3800	 0.3800	 0.5731	-0.5731	-0.0187	 0.0187	 0.0282	-0.0282	 0.1756	-0.1756	-0.2649	 0.2649	 0.0086	-0.0086	-0.0130	 0.0130	
	 0.1994	 0.1994	 0.3006	 0.3006	-0.1994	-0.1994	-0.3006	-0.3006	-0.0921	-0.0921	-0.1390	-0.1390	 0.0921	 0.0921	 0.1390	 0.1390	
	-0.4765	-0.4765	 0.4765	 0.4765	-0.0235	-0.0235	 0.0235	 0.0235	 0.8894	 0.8894	 0.7888	 0.7888	 0.0438	 0.0438	 0.0388	 0.0388	
Weight w :  0.0298
Det det :  0.1250

*********  Gauss Point [6]  *********
Location£ºx =  0.8481, y =  0.9531, z =  0.9494
	r =  0.6767 dir = [ 0.6124  0.0000  0.7906]
ShapeFunc sf [1~16]:
	 0.0073	 0.0409	 0.7674	 0.1375	 0.0004	 0.0020	 0.0378	 0.0068	-0.0001	-0.0005	-0.0101	-0.0018	-0.0000	-0.0000	-0.0005	-0.0001	
Derivative: dsf
	-0.0241	 0.0241	 0.4524	-0.4524	-0.0012	 0.0012	 0.0223	-0.0223	
	-0.0724	-0.4041	 0.4041	 0.0724	-0.0036	-0.0199	 0.0199	 0.0036	
	-0.0038	-0.0215	-0.4026	-0.0721	 0.0038	 0.0215	 0.4026	 0.0721	
Derivative: dxydsf
	-0.0483	 0.0483	 0.9048	-0.9048	-0.0024	 0.0024	 0.0445	-0.0445	 0.0011	 0.0019	 0.0352	 0.0203	 0.0001	 0.0001	 0.0017	 0.0010	
	 0.0077	 0.0429	 0.8051	 0.1442	-0.0077	-0.0429	-0.8051	-0.1442	-0.0001	-0.0006	-0.0106	-0.0019	 0.0001	 0.0006	 0.0106	 0.0019	
	-0.1448	-0.8083	 0.8083	 0.1448	-0.0071	-0.0398	 0.0398	 0.0071	 0.0025	 0.0139	 0.0502	 0.0090	 0.0001	 0.0007	 0.0025	 0.0004	
Weight w :  0.0298
Det det :  0.1250

*********  Gauss Point [7]  *********
Location£ºx =  0.5000, y =  0.7692, z =  0.8333
	r =  0.3968 dir = [-0.0000  0.0000  1.0000]
ShapeFunc sf [1~16]:
	 0.0641	 0.0641	 0.3205	 0.3205	 0.0192	 0.0192	 0.0962	 0.0962	-0.0051	-0.0051	-0.0253	-0.0253	-0.0015	-0.0015	-0.0076	-0.0076	
Derivative: dsf
	-0.0641	 0.0641	 0.3205	-0.3205	-0.0192	 0.0192	 0.0962	-0.0962	
	-0.1923	-0.1923	 0.1923	 0.1923	-0.0577	-0.0577	 0.0577	 0.0577	
	-0.0417	-0.0417	-0.2083	-0.2083	 0.0417	 0.0417	 0.2083	 0.2083	
Derivative: dxydsf
	-0.1282	 0.1282	 0.6410	-0.6410	-0.0385	 0.0385	 0.1923	-0.1923	 0.0101	-0.0101	-0.0506	 0.0506	 0.0030	-0.0030	-0.0152	 0.0152	
	 0.0833	 0.0833	 0.4167	 0.4167	-0.0833	-0.0833	-0.4167	-0.4167	-0.0066	-0.0066	-0.0329	-0.0329	 0.0066	 0.0066	 0.0329	 0.0329	
	-0.3846	-0.3846	 0.3846	 0.3846	-0.1154	-0.1154	 0.1154	 0.1154	 0.0689	 0.0689	 0.1623	 0.1623	 0.0207	 0.0207	 0.0487	 0.0487	
Weight w :  0.1077
Det det :  0.1250

*********  Gauss Point [8]  *********
Location£ºx =  0.7052, y =  0.7692, z =  0.7649
	r =  0.3989 dir = [ 0.6124  0.0000  0.7906]
ShapeFunc sf [1~16]:
	 0.0533	 0.1275	 0.4150	 0.1735	 0.0160	 0.0383	 0.1245	 0.0520	-0.0041	-0.0099	-0.0323	-0.0135	-0.0012	-0.0030	-0.0097	-0.0040	
Derivative: dsf
	-0.0904	 0.0904	 0.2942	-0.2942	-0.0271	 0.0271	 0.0883	-0.0883	
	-0.1134	-0.2712	 0.2712	 0.1134	-0.0340	-0.0814	 0.0814	 0.0340	
	-0.0346	-0.0829	-0.2697	-0.1127	 0.0346	 0.0829	 0.2697	 0.1127	
Derivative: dxydsf
	-0.1808	 0.1808	 0.5884	-0.5884	-0.0542	 0.0542	 0.1765	-0.1765	 0.0334	 0.0322	 0.1049	 0.1088	 0.0100	 0.0097	 0.0315	 0.0326	
	 0.0693	 0.1658	 0.5394	 0.2255	-0.0693	-0.1658	-0.5394	-0.2255	-0.0054	-0.0129	-0.0420	-0.0175	 0.0054	 0.0129	 0.0420	 0.0175	
	-0.2268	-0.5425	 0.5425	 0.2268	-0.0680	-0.1627	 0.1627	 0.0680	 0.0426	 0.1020	 0.1523	 0.0637	 0.0128	 0.0306	 0.0457	 0.0191	
Weight w :  0.0634
Det det :  0.1250

*********  Gauss Point [9]  *********
Location£ºx =  0.5000, y =  0.7692, z =  0.9701
	r =  0.5597 dir = [ 0.0000  0.0000  1.0000]
ShapeFunc sf [1~16]:
	 0.0115	 0.0115	 0.3731	 0.3731	 0.0034	 0.0034	 0.1119	 0.1119	-0.0003	-0.0003	-0.0104	-0.0104	-0.0001	-0.0001	-0.0031	-0.0031	
Derivative: dsf
	-0.0115	 0.0115	 0.3731	-0.3731	-0.0034	 0.0034	 0.1119	-0.1119	
	-0.1923	-0.1923	 0.1923	 0.1923	-0.0577	-0.0577	 0.0577	 0.0577	
	-0.0075	-0.0075	-0.2425	-0.2425	 0.0075	 0.0075	 0.2425	 0.2425	
Derivative: dxydsf
	-0.0230	 0.0230	 0.7463	-0.7463	-0.0069	 0.0069	 0.2239	-0.2239	 0.0006	-0.0006	-0.0208	 0.0208	 0.0002	-0.0002	-0.0062	 0.0062	
	 0.0149	 0.0149	 0.4851	 0.4851	-0.0149	-0.0149	-0.4851	-0.4851	-0.0004	-0.0004	-0.0135	-0.0135	 0.0004	 0.0004	 0.0135	 0.0135	
	-0.3846	-0.3846	 0.3846	 0.3846	-0.1154	-0.1154	 0.1154	 0.1154	 0.0131	 0.0131	 0.0684	 0.0684	 0.0039	 0.0039	 0.0205	 0.0205	
Weight w :  0.0634
Det det :  0.1250

*********  Gauss Point [10]  *********
Location£ºx =  0.2948, y =  0.7692, z =  0.7649
	r =  0.3989 dir = [-0.6124  0.0000  0.7906]
ShapeFunc sf [1~16]:
	 0.1275	 0.0533	 0.1735	 0.4150	 0.0383	 0.0160	 0.0520	 0.1245	-0.0099	-0.0041	-0.0135	-0.0323	-0.0030	-0.0012	-0.0040	-0.0097	
Derivative: dsf
	-0.0904	 0.0904	 0.2942	-0.2942	-0.0271	 0.0271	 0.0883	-0.0883	
	-0.2712	-0.1134	 0.1134	 0.2712	-0.0814	-0.0340	 0.0340	 0.0814	
	-0.0829	-0.0346	-0.1127	-0.2697	 0.0829	 0.0346	 0.1127	 0.2697	
Derivative: dxydsf
	-0.1808	 0.1808	 0.5884	-0.5884	-0.0542	 0.0542	 0.1765	-0.1765	-0.0322	-0.0334	-0.1088	-0.1049	-0.0097	-0.0100	-0.0326	-0.0315	
	 0.1658	 0.0693	 0.2255	 0.5394	-0.1658	-0.0693	-0.2255	-0.5394	-0.0129	-0.0054	-0.0175	-0.0420	 0.0129	 0.0054	 0.0175	 0.0420	
	-0.5425	-0.2268	 0.2268	 0.5425	-0.1627	-0.0680	 0.0680	 0.1627	 0.1020	 0.0426	 0.0637	 0.1523	 0.0306	 0.0128	 0.0191	 0.0457	
Weight w :  0.0634
Det det :  0.1250

*********  Gauss Point [11]  *********
Location£ºx =  0.1519, y =  0.7692, z =  0.9494
	r =  0.6767 dir = [-0.6124  0.0000  0.7906]
ShapeFunc sf [1~16]:
	 0.0330	 0.0059	 0.1110	 0.6193	 0.0099	 0.0018	 0.0333	 0.1858	-0.0004	-0.0001	-0.0015	-0.0081	-0.0001	-0.0000	-0.0004	-0.0024	
Derivative: dsf
	-0.0195	 0.0195	 0.3651	-0.3651	-0.0058	 0.0058	 0.1095	-0.1095	
	-0.3262	-0.0584	 0.0584	 0.3262	-0.0979	-0.0175	 0.0175	 0.0979	
	-0.0215	-0.0038	-0.0721	-0.4026	 0.0215	 0.0038	 0.0721	 0.4026	
Derivative: dxydsf
	-0.0390	 0.0390	 0.7303	-0.7303	-0.0117	 0.0117	 0.2191	-0.2191	-0.0015	-0.0009	-0.0164	-0.0284	-0.0005	-0.0003	-0.0049	-0.0085	
	 0.0429	 0.0077	 0.1442	 0.8051	-0.0429	-0.0077	-0.1442	-0.8051	-0.0006	-0.0001	-0.0019	-0.0106	 0.0006	 0.0001	 0.0019	 0.0106	
	-0.6524	-0.1169	 0.1169	 0.6524	-0.1957	-0.0351	 0.0351	 0.1957	 0.0112	 0.0020	 0.0073	 0.0405	 0.0034	 0.0006	 0.0022	 0.0122	
Weight w :  0.0603
Det det :  0.1250

*********  Gauss Point [12]  *********
Location£ºx =  0.5000, y =  0.7692, z =  0.6013
	r =  0.1206 dir = [ 0.0000  0.0000  1.0000]
ShapeFunc sf [1~16]:
	 0.1534	 0.1534	 0.2313	 0.2313	 0.0460	 0.0460	 0.0694	 0.0694	-0.0709	-0.0709	-0.1069	-0.1069	-0.0213	-0.0213	-0.0321	-0.0321	
Derivative: dsf
	-0.1534	 0.1534	 0.2313	-0.2313	-0.0460	 0.0460	 0.0694	-0.0694	
	-0.1923	-0.1923	 0.1923	 0.1923	-0.0577	-0.0577	 0.0577	 0.0577	
	-0.0997	-0.0997	-0.1503	-0.1503	 0.0997	 0.0997	 0.1503	 0.1503	
Derivative: dxydsf
	-0.3067	 0.3067	 0.4625	-0.4625	-0.0920	 0.0920	 0.1388	-0.1388	 0.1418	-0.1418	-0.2138	 0.2138	 0.0425	-0.0425	-0.0641	 0.0641	
	 0.1994	 0.1994	 0.3006	 0.3006	-0.1994	-0.1994	-0.3006	-0.3006	-0.0921	-0.0921	-0.1390	-0.1390	 0.0921	 0.0921	 0.1390	 0.1390	
	-0.3846	-0.3846	 0.3846	 0.3846	-0.1154	-0.1154	 0.1154	 0.1154	 0.7178	 0.7178	 0.6367	 0.6367	 0.2153	 0.2153	 0.1910	 0.1910	
Weight w :  0.0603
Det det :  0.1250

*********  Gauss Point [13]  *********
Location£ºx =  0.8481, y =  0.7692, z =  0.9494
	r =  0.6767 dir = [ 0.6124  0.0000  0.7906]
ShapeFunc sf [1~16]:
	 0.0059	 0.0330	 0.6193	 0.1110	 0.0018	 0.0099	 0.1858	 0.0333	-0.0001	-0.0004	-0.0081	-0.0015	-0.0000	-0.0001	-0.0024	-0.0004	
Derivative: dsf
	-0.0195	 0.0195	 0.3651	-0.3651	-0.0058	 0.0058	 0.1095	-0.1095	
	-0.0584	-0.3262	 0.3262	 0.0584	-0.0175	-0.0979	 0.0979	 0.0175	
	-0.0038	-0.0215	-0.4026	-0.0721	 0.0038	 0.0215	 0.4026	 0.0721	
Derivative: dxydsf
	-0.0390	 0.0390	 0.7303	-0.7303	-0.0117	 0.0117	 0.2191	-0.2191	 0.0009	 0.0015	 0.0284	 0.0164	 0.0003	 0.0005	 0.0085	 0.0049	
	 0.0077	 0.0429	 0.8051	 0.1442	-0.0077	-0.0429	-0.8051	-0.1442	-0.0001	-0.0006	-0.0106	-0.0019	 0.0001	 0.0006	 0.0106	 0.0019	
	-0.1169	-0.6524	 0.6524	 0.1169	-0.0351	-0.1957	 0.1957	 0.0351	 0.0020	 0.0112	 0.0405	 0.0073	 0.0006	 0.0034	 0.0122	 0.0022	
Weight w :  0.0603
Det det :  0.1250

*********  Gauss Point [14]  *********
Location£ºx =  0.5000, y =  0.5000, z =  0.8333
	r =  0.3968 dir = [ 0.0000  0.0000  1.0000]
ShapeFunc sf [1~16]:
	 0.0417	 0.0417	 0.2083	 0.2083	 0.0417	 0.0417	 0.2083	 0.2083	-0.0033	-0.0033	-0.0164	-0.0164	-0.0033	-0.0033	-0.0164	-0.0164	
Derivative: dsf
	-0.0417	 0.0417	 0.2083	-0.2083	-0.0417	 0.0417	 0.2083	-0.2083	
	-0.1250	-0.1250	 0.1250	 0.1250	-0.1250	-0.1250	 0.1250	 0.1250	
	-0.0417	-0.0417	-0.2083	-0.2083	 0.0417	 0.0417	 0.2083	 0.2083	
Derivative: dxydsf
	-0.0833	 0.0833	 0.4167	-0.4167	-0.0833	 0.0833	 0.4167	-0.4167	 0.0066	-0.0066	-0.0329	 0.0329	 0.0066	-0.0066	-0.0329	 0.0329	
	 0.0833	 0.0833	 0.4167	 0.4167	-0.0833	-0.0833	-0.4167	-0.4167	-0.0066	-0.0066	-0.0329	-0.0329	 0.0066	 0.0066	 0.0329	 0.0329	
	-0.2500	-0.2500	 0.2500	 0.2500	-0.2500	-0.2500	 0.2500	 0.2500	 0.0448	 0.0448	 0.1055	 0.1055	 0.0448	 0.0448	 0.1055	 0.1055	
Weight w :  0.1280
Det det :  0.1250

*********  Gauss Point [15]  *********
Location£ºx =  0.7052, y =  0.5000, z =  0.7649
	r =  0.3989 dir = [ 0.6124  0.0000  0.7906]
ShapeFunc sf [1~16]:
	 0.0346	 0.0829	 0.2697	 0.1127	 0.0346	 0.0829	 0.2697	 0.1127	-0.0027	-0.0065	-0.0210	-0.0088	-0.0027	-0.0065	-0.0210	-0.0088	
Derivative: dsf
	-0.0588	 0.0588	 0.1912	-0.1912	-0.0588	 0.0588	 0.1912	-0.1912	
	-0.0737	-0.1763	 0.1763	 0.0737	-0.0737	-0.1763	 0.1763	 0.0737	
	-0.0346	-0.0829	-0.2697	-0.1127	 0.0346	 0.0829	 0.2697	 0.1127	
Derivative: dxydsf
	-0.1175	 0.1175	 0.3825	-0.3825	-0.1175	 0.1175	 0.3825	-0.3825	 0.0217	 0.0210	 0.0682	 0.0707	 0.0217	 0.0210	 0.0682	 0.0707	
	 0.0693	 0.1658	 0.5394	 0.2255	-0.0693	-0.1658	-0.5394	-0.2255	-0.0054	-0.0129	-0.0420	-0.0175	 0.0054	 0.0129	 0.0420	 0.0175	
	-0.1474	-0.3526	 0.3526	 0.1474	-0.1474	-0.3526	 0.3526	 0.1474	 0.0277	 0.0663	 0.0990	 0.0414	 0.0277	 0.0663	 0.0990	 0.0414	
Weight w :  0.0753
Det det :  0.1250

*********  Gauss Point [16]  *********
Location£ºx =  0.5000, y =  0.5000, z =  0.9701
	r =  0.5597 dir = [ 0.0000  0.0000  1.0000]
ShapeFunc sf [1~16]:
	 0.0075	 0.0075	 0.2425	 0.2425	 0.0075	 0.0075	 0.2425	 0.2425	-0.0002	-0.0002	-0.0067	-0.0067	-0.0002	-0.0002	-0.0067	-0.0067	
Derivative: dsf
	-0.0075	 0.0075	 0.2425	-0.2425	-0.0075	 0.0075	 0.2425	-0.2425	
	-0.1250	-0.1250	 0.1250	 0.1250	-0.1250	-0.1250	 0.1250	 0.1250	
	-0.0075	-0.0075	-0.2425	-0.2425	 0.0075	 0.0075	 0.2425	 0.2425	
Derivative: dxydsf
	-0.0149	 0.0149	 0.4851	-0.4851	-0.0149	 0.0149	 0.4851	-0.4851	 0.0004	-0.0004	-0.0135	 0.0135	 0.0004	-0.0004	-0.0135	 0.0135	
	 0.0149	 0.0149	 0.4851	 0.4851	-0.0149	-0.0149	-0.4851	-0.4851	-0.0004	-0.0004	-0.0135	-0.0135	 0.0004	 0.0004	 0.0135	 0.0135	
	-0.2500	-0.2500	 0.2500	 0.2500	-0.2500	-0.2500	 0.2500	 0.2500	 0.0085	 0.0085	 0.0445	 0.0445	 0.0085	 0.0085	 0.0445	 0.0445	
Weight w :  0.0753
Det det :  0.1250

*********  Gauss Point [17]  *********
Location£ºx =  0.2948, y =  0.5000, z =  0.7649
	r =  0.3989 dir = [-0.6124  0.0000  0.7906]
ShapeFunc sf [1~16]:
	 0.0829	 0.0346	 0.1127	 0.2697	 0.0829	 0.0346	 0.1127	 0.2697	-0.0065	-0.0027	-0.0088	-0.0210	-0.0065	-0.0027	-0.0088	-0.0210	
Derivative: dsf
	-0.0588	 0.0588	 0.1912	-0.1912	-0.0588	 0.0588	 0.1912	-0.1912	
	-0.1763	-0.0737	 0.0737	 0.1763	-0.1763	-0.0737	 0.0737	 0.1763	
	-0.0829	-0.0346	-0.1127	-0.2697	 0.0829	 0.0346	 0.1127	 0.2697	
Derivative: dxydsf
	-0.1175	 0.1175	 0.3825	-0.3825	-0.1175	 0.1175	 0.3825	-0.3825	-0.0210	-0.0217	-0.0707	-0.0682	-0.0210	-0.0217	-0.0707	-0.0682	
	 0.1658	 0.0693	 0.2255	 0.5394	-0.1658	-0.0693	-0.2255	-0.5394	-0.0129	-0.0054	-0.0175	-0.0420	 0.0129	 0.0054	 0.0175	 0.0420	
	-0.3526	-0.1474	 0.1474	 0.3526	-0.3526	-0.1474	 0.1474	 0.3526	 0.0663	 0.0277	 0.0414	 0.0990	 0.0663	 0.0277	 0.0414	 0.0990	
Weight w :  0.0753
Det det :  0.1250

*********  Gauss Point [18]  *********
Location£ºx =  0.1519, y =  0.5000, z =  0.9494
	r =  0.6767 dir = [-0.6124  0.0000  0.7906]
ShapeFunc sf [1~16]:
	 0.0215	 0.0038	 0.0721	 0.4026	 0.0215	 0.0038	 0.0721	 0.4026	-0.0003	-0.0001	-0.0009	-0.0053	-0.0003	-0.0001	-0.0009	-0.0053	
Derivative: dsf
	-0.0127	 0.0127	 0.2373	-0.2373	-0.0127	 0.0127	 0.2373	-0.2373	
	-0.2120	-0.0380	 0.0380	 0.2120	-0.2120	-0.0380	 0.0380	 0.2120	
	-0.0215	-0.0038	-0.0721	-0.4026	 0.0215	 0.0038	 0.0721	 0.4026	
Derivative: dxydsf
	-0.0253	 0.0253	 0.4747	-0.4747	-0.0253	 0.0253	 0.4747	-0.4747	-0.0010	-0.0006	-0.0107	-0.0185	-0.0010	-0.0006	-0.0107	-0.0185	
	 0.0429	 0.0077	 0.1442	 0.8051	-0.0429	-0.0077	-0.1442	-0.8051	-0.0006	-0.0001	-0.0019	-0.0106	 0.0006	 0.0001	 0.0019	 0.0106	
	-0.4240	-0.0760	 0.0760	 0.4240	-0.4240	-0.0760	 0.0760	 0.4240	 0.0073	 0.0013	 0.0047	 0.0263	 0.0073	 0.0013	 0.0047	 0.0263	
Weight w :  0.0716
Det det :  0.1250

*********  Gauss Point [19]  *********
Location£ºx =  0.5000, y =  0.5000, z =  0.6013
	r =  0.1206 dir = [ 0.0000  0.0000  1.0000]
ShapeFunc sf [1~16]:
	 0.0997	 0.0997	 0.1503	 0.1503	 0.0997	 0.0997	 0.1503	 0.1503	-0.0461	-0.0461	-0.0695	-0.0695	-0.0461	-0.0461	-0.0695	-0.0695	
Derivative: dsf
	-0.0997	 0.0997	 0.1503	-0.1503	-0.0997	 0.0997	 0.1503	-0.1503	
	-0.1250	-0.1250	 0.1250	 0.1250	-0.1250	-0.1250	 0.1250	 0.1250	
	-0.0997	-0.0997	-0.1503	-0.1503	 0.0997	 0.0997	 0.1503	 0.1503	
Derivative: dxydsf
	-0.1994	 0.1994	 0.3006	-0.3006	-0.1994	 0.1994	 0.3006	-0.3006	 0.0921	-0.0921	-0.1390	 0.1390	 0.0921	-0.0921	-0.1390	 0.1390	
	 0.1994	 0.1994	 0.3006	 0.3006	-0.1994	-0.1994	-0.3006	-0.3006	-0.0921	-0.0921	-0.1390	-0.1390	 0.0921	 0.0921	 0.1390	 0.1390	
	-0.2500	-0.2500	 0.2500	 0.2500	-0.2500	-0.2500	 0.2500	 0.2500	 0.4666	 0.4666	 0.4138	 0.4138	 0.4666	 0.4666	 0.4138	 0.4138	
Weight w :  0.0716
Det det :  0.1250

*********  Gauss Point [20]  *********
Location£ºx =  0.8481, y =  0.5000, z =  0.9494
	r =  0.6767 dir = [ 0.6124  0.0000  0.7906]
ShapeFunc sf [1~16]:
	 0.0038	 0.0215	 0.4026	 0.0721	 0.0038	 0.0215	 0.4026	 0.0721	-0.0001	-0.0003	-0.0053	-0.0009	-0.0001	-0.0003	-0.0053	-0.0009	
Derivative: dsf
	-0.0127	 0.0127	 0.2373	-0.2373	-0.0127	 0.0127	 0.2373	-0.2373	
	-0.0380	-0.2120	 0.2120	 0.0380	-0.0380	-0.2120	 0.2120	 0.0380	
	-0.0038	-0.0215	-0.4026	-0.0721	 0.0038	 0.0215	 0.4026	 0.0721	
Derivative: dxydsf
	-0.0253	 0.0253	 0.4747	-0.4747	-0.0253	 0.0253	 0.4747	-0.4747	 0.0006	 0.0010	 0.0185	 0.0107	 0.0006	 0.0010	 0.0185	 0.0107	
	 0.0077	 0.0429	 0.8051	 0.1442	-0.0077	-0.0429	-0.8051	-0.1442	-0.0001	-0.0006	-0.0106	-0.0019	 0.0001	 0.0006	 0.0106	 0.0019	
	-0.0760	-0.4240	 0.4240	 0.0760	-0.0760	-0.4240	 0.4240	 0.0760	 0.0013	 0.0073	 0.0263	 0.0047	 0.0013	 0.0073	 0.0263	 0.0047	
Weight w :  0.0716
Det det :  0.1250

*********  Gauss Point [21]  *********
Location£ºx =  0.5000, y =  0.2308, z =  0.8333
	r =  0.3968 dir = [ 0.0000 -0.0000  1.0000]
ShapeFunc sf [1~16]:
	 0.0192	 0.0192	 0.0962	 0.0962	 0.0641	 0.0641	 0.3205	 0.3205	-0.0015	-0.0015	-0.0076	-0.0076	-0.0051	-0.0051	-0.0253	-0.0253	
Derivative: dsf
	-0.0192	 0.0192	 0.0962	-0.0962	-0.0641	 0.0641	 0.3205	-0.3205	
	-0.0577	-0.0577	 0.0577	 0.0577	-0.1923	-0.1923	 0.1923	 0.1923	
	-0.0417	-0.0417	-0.2083	-0.2083	 0.0417	 0.0417	 0.2083	 0.2083	
Derivative: dxydsf
	-0.0385	 0.0385	 0.1923	-0.1923	-0.1282	 0.1282	 0.6410	-0.6410	 0.0030	-0.0030	-0.0152	 0.0152	 0.0101	-0.0101	-0.0506	 0.0506	
	 0.0833	 0.0833	 0.4167	 0.4167	-0.0833	-0.0833	-0.4167	-0.4167	-0.0066	-0.0066	-0.0329	-0.0329	 0.0066	 0.0066	 0.0329	 0.0329	
	-0.1154	-0.1154	 0.1154	 0.1154	-0.3846	-0.3846	 0.3846	 0.3846	 0.0207	 0.0207	 0.0487	 0.0487	 0.0689	 0.0689	 0.1623	 0.1623	
Weight w :  0.1077
Det det :  0.1250

*********  Gauss Point [22]  *********
Location£ºx =  0.7052, y =  0.2308, z =  0.7649
	r =  0.3989 dir = [ 0.6124  0.0000  0.7906]
ShapeFunc sf [1~16]:
	 0.0160	 0.0383	 0.1245	 0.0520	 0.0533	 0.1275	 0.4150	 0.1735	-0.0012	-0.0030	-0.0097	-0.0040	-0.0041	-0.0099	-0.0323	-0.0135	
Derivative: dsf
	-0.0271	 0.0271	 0.0883	-0.0883	-0.0904	 0.0904	 0.2942	-0.2942	
	-0.0340	-0.0814	 0.0814	 0.0340	-0.1134	-0.2712	 0.2712	 0.1134	
	-0.0346	-0.0829	-0.2697	-0.1127	 0.0346	 0.0829	 0.2697	 0.1127	
Derivative: dxydsf
	-0.0542	 0.0542	 0.1765	-0.1765	-0.1808	 0.1808	 0.5884	-0.5884	 0.0100	 0.0097	 0.0315	 0.0326	 0.0334	 0.0322	 0.1049	 0.1088	
	 0.0693	 0.1658	 0.5394	 0.2255	-0.0693	-0.1658	-0.5394	-0.2255	-0.0054	-0.0129	-0.0420	-0.0175	 0.0054	 0.0129	 0.0420	 0.0175	
	-0.0680	-0.1627	 0.1627	 0.0680	-0.2268	-0.5425	 0.5425	 0.2268	 0.0128	 0.0306	 0.0457	 0.0191	 0.0426	 0.1020	 0.1523	 0.0637	
Weight w :  0.0634
Det det :  0.1250

*********  Gauss Point [23]  *********
Location£ºx =  0.5000, y =  0.2308, z =  0.9701
	r =  0.5597 dir = [ 0.0000 -0.0000  1.0000]
ShapeFunc sf [1~16]:
	 0.0034	 0.0034	 0.1119	 0.1119	 0.0115	 0.0115	 0.3731	 0.3731	-0.0001	-0.0001	-0.0031	-0.0031	-0.0003	-0.0003	-0.0104	-0.0104	
Derivative: dsf
	-0.0034	 0.0034	 0.1119	-0.1119	-0.0115	 0.0115	 0.3731	-0.3731	
	-0.0577	-0.0577	 0.0577	 0.0577	-0.1923	-0.1923	 0.1923	 0.1923	
	-0.0075	-0.0075	-0.2425	-0.2425	 0.0075	 0.0075	 0.2425	 0.2425	
Derivative: dxydsf
	-0.0069	 0.0069	 0.2239	-0.2239	-0.0230	 0.0230	 0.7463	-0.7463	 0.0002	-0.0002	-0.0062	 0.0062	 0.0006	-0.0006	-0.0208	 0.0208	
	 0.0149	 0.0149	 0.4851	 0.4851	-0.0149	-0.0149	-0.4851	-0.4851	-0.0004	-0.0004	-0.0135	-0.0135	 0.0004	 0.0004	 0.0135	 0.0135	
	-0.1154	-0.1154	 0.1154	 0.1154	-0.3846	-0.3846	 0.3846	 0.3846	 0.0039	 0.0039	 0.0205	 0.0205	 0.0131	 0.0131	 0.0684	 0.0684	
Weight w :  0.0634
Det det :  0.1250

*********  Gauss Point [24]  *********
Location£ºx =  0.2948, y =  0.2308, z =  0.7649
	r =  0.3989 dir = [-0.6124 -0.0000  0.7906]
ShapeFunc sf [1~16]:
	 0.0383	 0.0160	 0.0520	 0.1245	 0.1275	 0.0533	 0.1735	 0.4150	-0.0030	-0.0012	-0.0040	-0.0097	-0.0099	-0.0041	-0.0135	-0.0323	
Derivative: dsf
	-0.0271	 0.0271	 0.0883	-0.0883	-0.0904	 0.0904	 0.2942	-0.2942	
	-0.0814	-0.0340	 0.0340	 0.0814	-0.2712	-0.1134	 0.1134	 0.2712	
	-0.0829	-0.0346	-0.1127	-0.2697	 0.0829	 0.0346	 0.1127	 0.2697	
Derivative: dxydsf
	-0.0542	 0.0542	 0.1765	-0.1765	-0.1808	 0.1808	 0.5884	-0.5884	-0.0097	-0.0100	-0.0326	-0.0315	-0.0322	-0.0334	-0.1088	-0.1049	
	 0.1658	 0.0693	 0.2255	 0.5394	-0.1658	-0.0693	-0.2255	-0.5394	-0.0129	-0.0054	-0.0175	-0.0420	 0.0129	 0.0054	 0.0175	 0.0420	
	-0.1627	-0.0680	 0.0680	 0.1627	-0.5425	-0.2268	 0.2268	 0.5425	 0.0306	 0.0128	 0.0191	 0.0457	 0.1020	 0.0426	 0.0637	 0.1523	
Weight w :  0.0634
Det det :  0.1250

*********  Gauss Point [25]  *********
Location£ºx =  0.1519, y =  0.2308, z =  0.9494
	r =  0.6767 dir = [-0.6124  0.0000  0.7906]
ShapeFunc sf [1~16]:
	 0.0099	 0.0018	 0.0333	 0.1858	 0.0330	 0.0059	 0.1110	 0.6193	-0.0001	-0.0000	-0.0004	-0.0024	-0.0004	-0.0001	-0.0015	-0.0081	
Derivative: dsf
	-0.0058	 0.0058	 0.1095	-0.1095	-0.0195	 0.0195	 0.3651	-0.3651	
	-0.0979	-0.0175	 0.0175	 0.0979	-0.3262	-0.0584	 0.0584	 0.3262	
	-0.0215	-0.0038	-0.0721	-0.4026	 0.0215	 0.0038	 0.0721	 0.4026	
Derivative: dxydsf
	-0.0117	 0.0117	 0.2191	-0.2191	-0.0390	 0.0390	 0.7303	-0.7303	-0.0005	-0.0003	-0.0049	-0.0085	-0.0015	-0.0009	-0.0164	-0.0284	
	 0.0429	 0.0077	 0.1442	 0.8051	-0.0429	-0.0077	-0.1442	-0.8051	-0.0006	-0.0001	-0.0019	-0.0106	 0.0006	 0.0001	 0.0019	 0.0106	
	-0.1957	-0.0351	 0.0351	 0.1957	-0.6524	-0.1169	 0.1169	 0.6524	 0.0034	 0.0006	 0.0022	 0.0122	 0.0112	 0.0020	 0.0073	 0.0405	
Weight w :  0.0603
Det det :  0.1250

*********  Gauss Point [26]  *********
Location£ºx =  0.5000, y =  0.2308, z =  0.6013
	r =  0.1206 dir = [ 0.0000  0.0000  1.0000]
ShapeFunc sf [1~16]:
	 0.0460	 0.0460	 0.0694	 0.0694	 0.1534	 0.1534	 0.2313	 0.2313	-0.0213	-0.0213	-0.0321	-0.0321	-0.0709	-0.0709	-0.1069	-0.1069	
Derivative: dsf
	-0.0460	 0.0460	 0.0694	-0.0694	-0.1534	 0.1534	 0.2313	-0.2313	
	-0.0577	-0.0577	 0.0577	 0.0577	-0.1923	-0.1923	 0.1923	 0.1923	
	-0.0997	-0.0997	-0.1503	-0.1503	 0.0997	 0.0997	 0.1503	 0.1503	
Derivative: dxydsf
	-0.0920	 0.0920	 0.1388	-0.1388	-0.3067	 0.3067	 0.4625	-0.4625	 0.0425	-0.0425	-0.0641	 0.0641	 0.1418	-0.1418	-0.2138	 0.2138	
	 0.1994	 0.1994	 0.3006	 0.3006	-0.1994	-0.1994	-0.3006	-0.3006	-0.0921	-0.0921	-0.1390	-0.1390	 0.0921	 0.0921	 0.1390	 0.1390	
	-0.1154	-0.1154	 0.1154	 0.1154	-0.3846	-0.3846	 0.3846	 0.3846	 0.2153	 0.2153	 0.1910	 0.1910	 0.7178	 0.7178	 0.6367	 0.6367	
Weight w :  0.0603
Det det :  0.1250

*********  Gauss Point [27]  *********
Location£ºx =  0.8481, y =  0.2308, z =  0.9494
	r =  0.6767 dir = [ 0.6124  0.0000  0.7906]
ShapeFunc sf [1~16]:
	 0.0018	 0.0099	 0.1858	 0.0333	 0.0059	 0.0330	 0.6193	 0.1110	-0.0000	-0.0001	-0.0024	-0.0004	-0.0001	-0.0004	-0.0081	-0.0015	
Derivative: dsf
	-0.0058	 0.0058	 0.1095	-0.1095	-0.0195	 0.0195	 0.3651	-0.3651	
	-0.0175	-0.0979	 0.0979	 0.0175	-0.0584	-0.3262	 0.3262	 0.0584	
	-0.0038	-0.0215	-0.4026	-0.0721	 0.0038	 0.0215	 0.4026	 0.0721	
Derivative: dxydsf
	-0.0117	 0.0117	 0.2191	-0.2191	-0.0390	 0.0390	 0.7303	-0.7303	 0.0003	 0.0005	 0.0085	 0.0049	 0.0009	 0.0015	 0.0284	 0.0164	
	 0.0077	 0.0429	 0.8051	 0.1442	-0.0077	-0.0429	-0.8051	-0.1442	-0.0001	-0.0006	-0.0106	-0.0019	 0.0001	 0.0006	 0.0106	 0.0019	
	-0.0351	-0.1957	 0.1957	 0.0351	-0.1169	-0.6524	 0.6524	 0.1169	 0.0006	 0.0034	 0.0122	 0.0022	 0.0020	 0.0112	 0.0405	 0.0073	
Weight w :  0.0603
Det det :  0.1250

*********  Gauss Point [28]  *********
Location£ºx =  0.5000, y =  0.0469, z =  0.8333
	r =  0.3968 dir = [ 0.0000  0.0000  1.0000]
ShapeFunc sf [1~16]:
	 0.0039	 0.0039	 0.0195	 0.0195	 0.0794	 0.0794	 0.3971	 0.3971	-0.0003	-0.0003	-0.0015	-0.0015	-0.0063	-0.0063	-0.0313	-0.0313	
Derivative: dsf
	-0.0039	 0.0039	 0.0195	-0.0195	-0.0794	 0.0794	 0.3971	-0.3971	
	-0.0117	-0.0117	 0.0117	 0.0117	-0.2383	-0.2383	 0.2383	 0.2383	
	-0.0417	-0.0417	-0.2083	-0.2083	 0.0417	 0.0417	 0.2083	 0.2083	
Derivative: dxydsf
	-0.0078	 0.0078	 0.0391	-0.0391	-0.1589	 0.1589	 0.7942	-0.7942	 0.0006	-0.0006	-0.0031	 0.0031	 0.0125	-0.0125	-0.0627	 0.0627	
	 0.0833	 0.0833	 0.4167	 0.4167	-0.0833	-0.0833	-0.4167	-0.4167	-0.0066	-0.0066	-0.0329	-0.0329	 0.0066	 0.0066	 0.0329	 0.0329	
	-0.0235	-0.0235	 0.0235	 0.0235	-0.4765	-0.4765	 0.4765	 0.4765	 0.0042	 0.0042	 0.0099	 0.0099	 0.0853	 0.0853	 0.2011	 0.2011	
Weight w :  0.0533
Det det :  0.1250

*********  Gauss Point [29]  *********
Location£ºx =  0.7052, y =  0.0469, z =  0.7649
	r =  0.3989 dir = [ 0.6124  0.0000  0.7906]
ShapeFunc sf [1~16]:
	 0.0033	 0.0078	 0.0253	 0.0106	 0.0660	 0.1580	 0.5141	 0.2149	-0.0003	-0.0006	-0.0020	-0.0008	-0.0051	-0.0123	-0.0400	-0.0167	
Derivative: dsf
	-0.0055	 0.0055	 0.0179	-0.0179	-0.1120	 0.1120	 0.3645	-0.3645	
	-0.0069	-0.0165	 0.0165	 0.0069	-0.1405	-0.3361	 0.3361	 0.1405	
	-0.0346	-0.0829	-0.2697	-0.1127	 0.0346	 0.0829	 0.2697	 0.1127	
Derivative: dxydsf
	-0.0110	 0.0110	 0.0359	-0.0359	-0.2240	 0.2240	 0.7290	-0.7290	 0.0020	 0.0020	 0.0064	 0.0066	 0.0414	 0.0399	 0.1300	 0.1348	
	 0.0693	 0.1658	 0.5394	 0.2255	-0.0693	-0.1658	-0.5394	-0.2255	-0.0054	-0.0129	-0.0420	-0.0175	 0.0054	 0.0129	 0.0420	 0.0175	
	-0.0138	-0.0331	 0.0331	 0.0138	-0.2810	-0.6721	 0.6721	 0.2810	 0.0026	 0.0062	 0.0093	 0.0039	 0.0528	 0.1264	 0.1887	 0.0789	
Weight w :  0.0314
Det det :  0.1250

*********  Gauss Point [30]  *********
Location£ºx =  0.5000, y =  0.0469, z =  0.9701
	r =  0.5597 dir = [ 0.0000  0.0000  1.0000]
ShapeFunc sf [1~16]:
	 0.0007	 0.0007	 0.0228	 0.0228	 0.0142	 0.0142	 0.4623	 0.4623	-0.0000	-0.0000	-0.0006	-0.0006	-0.0004	-0.0004	-0.0129	-0.0129	
Derivative: dsf
	-0.0007	 0.0007	 0.0228	-0.0228	-0.0142	 0.0142	 0.4623	-0.4623	
	-0.0117	-0.0117	 0.0117	 0.0117	-0.2383	-0.2383	 0.2383	 0.2383	
	-0.0075	-0.0075	-0.2425	-0.2425	 0.0075	 0.0075	 0.2425	 0.2425	
Derivative: dxydsf
	-0.0014	 0.0014	 0.0455	-0.0455	-0.0285	 0.0285	 0.9246	-0.9246	 0.0000	-0.0000	-0.0013	 0.0013	 0.0008	-0.0008	-0.0257	 0.0257	
	 0.0149	 0.0149	 0.4851	 0.4851	-0.0149	-0.0149	-0.4851	-0.4851	-0.0004	-0.0004	-0.0135	-0.0135	 0.0004	 0.0004	 0.0135	 0.0135	
	-0.0235	-0.0235	 0.0235	 0.0235	-0.4765	-0.4765	 0.4765	 0.4765	 0.0008	 0.0008	 0.0042	 0.0042	 0.0163	 0.0163	 0.0847	 0.0847	
Weight w :  0.0314
Det det :  0.1250

*********  Gauss Point [31]  *********
Location£ºx =  0.2948, y =  0.0469, z =  0.7649
	r =  0.3989 dir = [-0.6124  0.0000  0.7906]
ShapeFunc sf [1~16]:
	 0.0078	 0.0033	 0.0106	 0.0253	 0.1580	 0.0660	 0.2149	 0.5141	-0.0006	-0.0003	-0.0008	-0.0020	-0.0123	-0.0051	-0.0167	-0.0400	
Derivative: dsf
	-0.0055	 0.0055	 0.0179	-0.0179	-0.1120	 0.1120	 0.3645	-0.3645	
	-0.0165	-0.0069	 0.0069	 0.0165	-0.3361	-0.1405	 0.1405	 0.3361	
	-0.0829	-0.0346	-0.1127	-0.2697	 0.0829	 0.0346	 0.1127	 0.2697	
Derivative: dxydsf
	-0.0110	 0.0110	 0.0359	-0.0359	-0.2240	 0.2240	 0.7290	-0.7290	-0.0020	-0.0020	-0.0066	-0.0064	-0.0399	-0.0414	-0.1348	-0.1300	
	 0.1658	 0.0693	 0.2255	 0.5394	-0.1658	-0.0693	-0.2255	-0.5394	-0.0129	-0.0054	-0.0175	-0.0420	 0.0129	 0.0054	 0.0175	 0.0420	
	-0.0331	-0.0138	 0.0138	 0.0331	-0.6721	-0.2810	 0.2810	 0.6721	 0.0062	 0.0026	 0.0039	 0.0093	 0.1264	 0.0528	 0.0789	 0.1887	
Weight w :  0.0314
Det det :  0.1250

*********  Gauss Point [32]  *********
Location£ºx =  0.1519, y =  0.0469, z =  0.9494
	r =  0.6767 dir = [-0.6124 -0.0000  0.7906]
ShapeFunc sf [1~16]:
	 0.0020	 0.0004	 0.0068	 0.0378	 0.0409	 0.0073	 0.1375	 0.7674	-0.0000	-0.0000	-0.0001	-0.0005	-0.0005	-0.0001	-0.0018	-0.0101	
Derivative: dsf
	-0.0012	 0.0012	 0.0223	-0.0223	-0.0241	 0.0241	 0.4524	-0.4524	
	-0.0199	-0.0036	 0.0036	 0.0199	-0.4041	-0.0724	 0.0724	 0.4041	
	-0.0215	-0.0038	-0.0721	-0.4026	 0.0215	 0.0038	 0.0721	 0.4026	
Derivative: dxydsf
	-0.0024	 0.0024	 0.0445	-0.0445	-0.0483	 0.0483	 0.9048	-0.9048	-0.0001	-0.0001	-0.0010	-0.0017	-0.0019	-0.0011	-0.0203	-0.0352	
	 0.0429	 0.0077	 0.1442	 0.8051	-0.0429	-0.0077	-0.1442	-0.8051	-0.0006	-0.0001	-0.0019	-0.0106	 0.0006	 0.0001	 0.0019	 0.0106	
	-0.0398	-0.0071	 0.0071	 0.0398	-0.8083	-0.1448	 0.1448	 0.8083	 0.0007	 0.0001	 0.0004	 0.0025	 0.0139	 0.0025	 0.0090	 0.0502	
Weight w :  0.0298
Det det :  0.1250

*********  Gauss Point [33]  *********
Location£ºx =  0.5000, y =  0.0469, z =  0.6013
	r =  0.1206 dir = [ 0.0000 -0.0000  1.0000]
ShapeFunc sf [1~16]:
	 0.0094	 0.0094	 0.0141	 0.0141	 0.1900	 0.1900	 0.2865	 0.2865	-0.0043	-0.0043	-0.0065	-0.0065	-0.0878	-0.0878	-0.1324	-0.1324	
Derivative: dsf
	-0.0094	 0.0094	 0.0141	-0.0141	-0.1900	 0.1900	 0.2865	-0.2865	
	-0.0117	-0.0117	 0.0117	 0.0117	-0.2383	-0.2383	 0.2383	 0.2383	
	-0.0997	-0.0997	-0.1503	-0.1503	 0.0997	 0.0997	 0.1503	 0.1503	
Derivative: dxydsf
	-0.0187	 0.0187	 0.0282	-0.0282	-0.3800	 0.3800	 0.5731	-0.5731	 0.0086	-0.0086	-0.0130	 0.0130	 0.1756	-0.1756	-0.2649	 0.2649	
	 0.1994	 0.1994	 0.3006	 0.3006	-0.1994	-0.1994	-0.3006	-0.3006	-0.0921	-0.0921	-0.1390	-0.1390	 0.0921	 0.0921	 0.1390	 0.1390	
	-0.0235	-0.0235	 0.0235	 0.0235	-0.4765	-0.4765	 0.4765	 0.4765	 0.0438	 0.0438	 0.0388	 0.0388	 0.8894	 0.8894	 0.7888	 0.7888	
Weight w :  0.0298
Det det :  0.1250

*********  Gauss Point [34]  *********
Location£ºx =  0.8481, y =  0.0469, z =  0.9494
	r =  0.6767 dir = [ 0.6124 -0.0000  0.7906]
ShapeFunc sf [1~16]:
	 0.0004	 0.0020	 0.0378	 0.0068	 0.0073	 0.0409	 0.7674	 0.1375	-0.0000	-0.0000	-0.0005	-0.0001	-0.0001	-0.0005	-0.0101	-0.0018	
Derivative: dsf
	-0.0012	 0.0012	 0.0223	-0.0223	-0.0241	 0.0241	 0.4524	-0.4524	
	-0.0036	-0.0199	 0.0199	 0.0036	-0.0724	-0.4041	 0.4041	 0.0724	
	-0.0038	-0.0215	-0.4026	-0.0721	 0.0038	 0.0215	 0.4026	 0.0721	
Derivative: dxydsf
	-0.0024	 0.0024	 0.0445	-0.0445	-0.0483	 0.0483	 0.9048	-0.9048	 0.0001	 0.0001	 0.0017	 0.0010	 0.0011	 0.0019	 0.0352	 0.0203	
	 0.0077	 0.0429	 0.8051	 0.1442	-0.0077	-0.0429	-0.8051	-0.1442	-0.0001	-0.0006	-0.0106	-0.0019	 0.0001	 0.0006	 0.0106	 0.0019	
	-0.0071	-0.0398	 0.0398	 0.0071	-0.1448	-0.8083	 0.8083	 0.1448	 0.0001	 0.0007	 0.0025	 0.0004	 0.0025	 0.0139	 0.0502	 0.0090	
Weight w :  0.0298
Det det :  0.1250

*********  Gauss Point [35]  *********
Location£ºx =  0.8333, y =  0.9531, z =  0.5000
	r =  0.3968 dir = [ 1.0000  0.0000  0.0000]
ShapeFunc sf [1~16]:
	 0.0794	 0.3971	 0.3971	 0.0794	 0.0039	 0.0195	 0.0195	 0.0039	-0.0063	-0.0313	-0.0313	-0.0063	-0.0003	-0.0015	-0.0015	-0.0003	
Derivative: dsf
	-0.2383	 0.2383	 0.2383	-0.2383	-0.0117	 0.0117	 0.0117	-0.0117	
	-0.0794	-0.3971	 0.3971	 0.0794	-0.0039	-0.0195	 0.0195	 0.0039	
	-0.0417	-0.2083	-0.2083	-0.0417	 0.0417	 0.2083	 0.2083	 0.0417	
Derivative: dxydsf
	-0.4765	 0.4765	 0.4765	-0.4765	-0.0235	 0.0235	 0.0235	-0.0235	 0.0853	 0.2011	 0.2011	 0.0853	 0.0042	 0.0099	 0.0099	 0.0042	
	 0.0833	 0.4167	 0.4167	 0.0833	-0.0833	-0.4167	-0.4167	-0.0833	-0.0066	-0.0329	-0.0329	-0.0066	 0.0066	 0.0329	 0.0329	 0.0066	
	-0.1589	-0.7942	 0.7942	 0.1589	-0.0078	-0.0391	 0.0391	 0.0078	 0.0125	 0.0627	-0.0627	-0.0125	 0.0006	 0.0031	-0.0031	-0.0006	
Weight w :  0.0533
Det det :  0.1250

*********  Gauss Point [36]  *********
Location£ºx =  0.7649, y =  0.9531, z =  0.2948
	r =  0.3989 dir = [ 0.7906  0.0000 -0.6124]
ShapeFunc sf [1~16]:
	 0.1580	 0.5141	 0.2149	 0.0660	 0.0078	 0.0253	 0.0106	 0.0033	-0.0123	-0.0400	-0.0167	-0.0051	-0.0006	-0.0020	-0.0008	-0.0003	
Derivative: dsf
	-0.3361	 0.3361	 0.1405	-0.1405	-0.0165	 0.0165	 0.0069	-0.0069	
	-0.1120	-0.3645	 0.3645	 0.1120	-0.0055	-0.0179	 0.0179	 0.0055	
	-0.0829	-0.2697	-0.1127	-0.0346	 0.0829	 0.2697	 0.1127	 0.0346	
Derivative: dxydsf
	-0.6721	 0.6721	 0.2810	-0.2810	-0.0331	 0.0331	 0.0138	-0.0138	 0.1264	 0.1887	 0.0789	 0.0528	 0.0062	 0.0093	 0.0039	 0.0026	
	 0.1658	 0.5394	 0.2255	 0.0693	-0.1658	-0.5394	-0.2255	-0.0693	-0.0129	-0.0420	-0.0175	-0.0054	 0.0129	 0.0420	 0.0175	 0.0054	
	-0.2240	-0.7290	 0.7290	 0.2240	-0.0110	-0.0359	 0.0359	 0.0110	-0.0399	-0.1300	-0.1348	-0.0414	-0.0020	-0.0064	-0.0066	-0.0020	
Weight w :  0.0314
Det det :  0.1250

*********  Gauss Point [37]  *********
Location£ºx =  0.9701, y =  0.9531, z =  0.5000
	r =  0.5597 dir = [ 1.0000  0.0000  0.0000]
ShapeFunc sf [1~16]:
	 0.0142	 0.4623	 0.4623	 0.0142	 0.0007	 0.0228	 0.0228	 0.0007	-0.0004	-0.0129	-0.0129	-0.0004	-0.0000	-0.0006	-0.0006	-0.0000	
Derivative: dsf
	-0.2383	 0.2383	 0.2383	-0.2383	-0.0117	 0.0117	 0.0117	-0.0117	
	-0.0142	-0.4623	 0.4623	 0.0142	-0.0007	-0.0228	 0.0228	 0.0007	
	-0.0075	-0.2425	-0.2425	-0.0075	 0.0075	 0.2425	 0.2425	 0.0075	
Derivative: dxydsf
	-0.4765	 0.4765	 0.4765	-0.4765	-0.0235	 0.0235	 0.0235	-0.0235	 0.0163	 0.0847	 0.0847	 0.0163	 0.0008	 0.0042	 0.0042	 0.0008	
	 0.0149	 0.4851	 0.4851	 0.0149	-0.0149	-0.4851	-0.4851	-0.0149	-0.0004	-0.0135	-0.0135	-0.0004	 0.0004	 0.0135	 0.0135	 0.0004	
	-0.0285	-0.9246	 0.9246	 0.0285	-0.0014	-0.0455	 0.0455	 0.0014	 0.0008	 0.0257	-0.0257	-0.0008	 0.0000	 0.0013	-0.0013	-0.0000	
Weight w :  0.0314
Det det :  0.1250

*********  Gauss Point [38]  *********
Location£ºx =  0.7649, y =  0.9531, z =  0.7052
	r =  0.3989 dir = [ 0.7906  0.0000  0.6124]
ShapeFunc sf [1~16]:
	 0.0660	 0.2149	 0.5141	 0.1580	 0.0033	 0.0106	 0.0253	 0.0078	-0.0051	-0.0167	-0.0400	-0.0123	-0.0003	-0.0008	-0.0020	-0.0006	
Derivative: dsf
	-0.1405	 0.1405	 0.3361	-0.3361	-0.0069	 0.0069	 0.0165	-0.0165	
	-0.1120	-0.3645	 0.3645	 0.1120	-0.0055	-0.0179	 0.0179	 0.0055	
	-0.0346	-0.1127	-0.2697	-0.0829	 0.0346	 0.1127	 0.2697	 0.0829	
Derivative: dxydsf
	-0.2810	 0.2810	 0.6721	-0.6721	-0.0138	 0.0138	 0.0331	-0.0331	 0.0528	 0.0789	 0.1887	 0.1264	 0.0026	 0.0039	 0.0093	 0.0062	
	 0.0693	 0.2255	 0.5394	 0.1658	-0.0693	-0.2255	-0.5394	-0.1658	-0.0054	-0.0175	-0.0420	-0.0129	 0.0054	 0.0175	 0.0420	 0.0129	
	-0.2240	-0.7290	 0.7290	 0.2240	-0.0110	-0.0359	 0.0359	 0.0110	 0.0414	 0.1348	 0.1300	 0.0399	 0.0020	 0.0066	 0.0064	 0.0020	
Weight w :  0.0314
Det det :  0.1250

*********  Gauss Point [39]  *********
Location£ºx =  0.9494, y =  0.9531, z =  0.8481
	r =  0.6767 dir = [ 0.7906  0.0000  0.6124]
ShapeFunc sf [1~16]:
	 0.0073	 0.1375	 0.7674	 0.0409	 0.0004	 0.0068	 0.0378	 0.0020	-0.0001	-0.0018	-0.0101	-0.0005	-0.0000	-0.0001	-0.0005	-0.0000	
Derivative: dsf
	-0.0724	 0.0724	 0.4041	-0.4041	-0.0036	 0.0036	 0.0199	-0.0199	
	-0.0241	-0.4524	 0.4524	 0.0241	-0.0012	-0.0223	 0.0223	 0.0012	
	-0.0038	-0.0721	-0.4026	-0.0215	 0.0038	 0.0721	 0.4026	 0.0215	
Derivative: dxydsf
	-0.1448	 0.1448	 0.8083	-0.8083	-0.0071	 0.0071	 0.0398	-0.0398	 0.0025	 0.0090	 0.0502	 0.0139	 0.0001	 0.0004	 0.0025	 0.0007	
	 0.0077	 0.1442	 0.8051	 0.0429	-0.0077	-0.1442	-0.8051	-0.0429	-0.0001	-0.0019	-0.0106	-0.0006	 0.0001	 0.0019	 0.0106	 0.0006	
	-0.0483	-0.9048	 0.9048	 0.0483	-0.0024	-0.0445	 0.0445	 0.0024	 0.0011	 0.0203	 0.0352	 0.0019	 0.0001	 0.0010	 0.0017	 0.0001	
Weight w :  0.0298
Det det :  0.1250

*********  Gauss Point [40]  *********
Location£ºx =  0.6013, y =  0.9531, z =  0.5000
	r =  0.1206 dir = [ 1.0000  0.0000 -0.0000]
ShapeFunc sf [1~16]:
	 0.1900	 0.2865	 0.2865	 0.1900	 0.0094	 0.0141	 0.0141	 0.0094	-0.0878	-0.1324	-0.1324	-0.0878	-0.0043	-0.0065	-0.0065	-0.0043	
Derivative: dsf
	-0.2383	 0.2383	 0.2383	-0.2383	-0.0117	 0.0117	 0.0117	-0.0117	
	-0.1900	-0.2865	 0.2865	 0.1900	-0.0094	-0.0141	 0.0141	 0.0094	
	-0.0997	-0.1503	-0.1503	-0.0997	 0.0997	 0.1503	 0.1503	 0.0997	
Derivative: dxydsf
	-0.4765	 0.4765	 0.4765	-0.4765	-0.0235	 0.0235	 0.0235	-0.0235	 0.8894	 0.7888	 0.7888	 0.8894	 0.0438	 0.0388	 0.0388	 0.0438	
	 0.1994	 0.3006	 0.3006	 0.1994	-0.1994	-0.3006	-0.3006	-0.1994	-0.0921	-0.1390	-0.1390	-0.0921	 0.0921	 0.1390	 0.1390	 0.0921	
	-0.3800	-0.5731	 0.5731	 0.3800	-0.0187	-0.0282	 0.0282	 0.0187	 0.1756	 0.2649	-0.2649	-0.1756	 0.0086	 0.0130	-0.0130	-0.0086	
Weight w :  0.0298
Det det :  0.1250

*********  Gauss Point [41]  *********
Location£ºx =  0.9494, y =  0.9531, z =  0.1519
	r =  0.6767 dir = [ 0.7906  0.0000 -0.6124]
ShapeFunc sf [1~16]:
	 0.0409	 0.7674	 0.1375	 0.0073	 0.0020	 0.0378	 0.0068	 0.0004	-0.0005	-0.0101	-0.0018	-0.0001	-0.0000	-0.0005	-0.0001	-0.0000	
Derivative: dsf
	-0.4041	 0.4041	 0.0724	-0.0724	-0.0199	 0.0199	 0.0036	-0.0036	
	-0.0241	-0.4524	 0.4524	 0.0241	-0.0012	-0.0223	 0.0223	 0.0012	
	-0.0215	-0.4026	-0.0721	-0.0038	 0.0215	 0.4026	 0.0721	 0.0038	
Derivative: dxydsf
