        0DDDD          TTTTTTTTTTTTT     FFFF5FFFFFFF      SSSSSSSSSSS
        DD   DDD        TTTTTTTTTTT      FFFFFFFFFFF      SSSSSSSSSSS
        DD     DD           TTT          FF               SSS
        DD      DD          TTT          FF                 SSS
        DD      DDD         TTT          FFFFFFFFFF           SSS
        DD      DDD         TTT          FFFFFFFFF              SSS
        DD      DD          TTT          FF                       SSS
        DD     DD           TTT          FF                        SSS
        DD   DDD             T           FF                 SSSSSSSSSS
        DDDDD                T           F                 SSSSSSSSSS



*** This log file includes the shape function matrix.

水管积分点 形函数 sf:
0.126680	0.126680	0.123320	0.123320	0.126680	0.126680	0.123320	0.123320	-0.117315	-0.117315	-0.114204	-0.114204	-0.117315	-0.117315	-0.114204	-0.114204	
水管积分点位置 x=0.000000, y=-0.013440, z=0.000000, r=0.012000, dir=[0.000000,0.000000,-1.000000]

水管积分点 H矩阵:
0.005126	0.005126	0.004990	0.004990	0.005126	0.005126	0.004990	0.004990	-0.004747	-0.004747	-0.004621	-0.004621	-0.004747	-0.004747	-0.004621	-0.004621	
0.005126	0.005126	0.004990	0.004990	0.005126	0.005126	0.004990	0.004990	-0.004747	-0.004747	-0.004621	-0.004621	-0.004747	-0.004747	-0.004621	-0.004621	
0.004990	0.004990	0.004858	0.004858	0.004990	0.004990	0.004858	0.004858	-0.004621	-0.004621	-0.004499	-0.004499	-0.004621	-0.004621	-0.004499	-0.004499	
0.004990	0.004990	0.004858	0.004858	0.004990	0.004990	0.004858	0.004858	-0.004621	-0.004621	-0.004499	-0.004499	-0.004621	-0.004621	-0.004499	-0.004499	
0.005126	0.005126	0.004990	0.004990	0.005126	0.005126	0.004990	0.004990	-0.004747	-0.004747	-0.004621	-0.004621	-0.004747	-0.004747	-0.004621	-0.004621	
0.005126	0.005126	0.004990	0.004990	0.005126	0.005126	0.004990	0.004990	-0.004747	-0.004747	-0.004621	-0.004621	-0.004747	-0.004747	-0.004621	-0.004621	
0.004990	0.004990	0.004858	0.004858	0.004990	0.004990	0.004858	0.004858	-0.004621	-0.004621	-0.004499	-0.004499	-0.004621	-0.004621	-0.004499	-0.004499	
0.004990	0.004990	0.004858	0.004858	0.004990	0.004990	0.004858	0.004858	-0.004621	-0.004621	-0.004499	-0.004499	-0.004621	-0.004621	-0.004499	-0.004499	
-0.004747	-0.004747	-0.004621	-0.004621	-0.004747	-0.004747	-0.004621	-0.004621	0.004396	0.004396	0.004280	0.004280	0.004396	0.004396	0.004280	0.004280	
-0.004747	-0.004747	-0.004621	-0.004621	-0.004747	-0.004747	-0.004621	-0.004621	0.004396	0.004396	0.004280	0.004280	0.004396	0.004396	0.004280	0.004280	
-0.004621	-0.004621	-0.004499	-0.004499	-0.004621	-0.004621	-0.004499	-0.004499	0.004280	0.004280	0.004166	0.004166	0.004280	0.004280	0.004166	0.004166	
-0.004621	-0.004621	-0.004499	-0.004499	-0.004621	-0.004621	-0.004499	-0.004499	0.004280	0.004280	0.004166	0.004166	0.004280	0.004280	0.004166	0.004166	
-0.004747	-0.004747	-0.004621	-0.004621	-0.004747	-0.004747	-0.004621	-0.004621	0.004396	0.004396	0.004280	0.004280	0.004396	0.004396	0.004280	0.004280	
-0.004747	-0.004747	-0.004621	-0.004621	-0.004747	-0.004747	-0.004621	-0.004621	0.004396	0.004396	0.004280	0.004280	0.004396	0.004396	0.004280	0.004280	
-0.004621	-0.004621	-0.004499	-0.004499	-0.004621	-0.004621	-0.004499	-0.004499	0.004280	0.004280	0.004166	0.004166	0.004280	0.004280	0.004166	0.004166	
-0.004621	-0.004621	-0.004499	-0.004499	-0.004621	-0.004621	-0.004499	-0.004499	0.004280	0.004280	0.004166	0.004166	0.004280	0.004280	0.004166	0.004166	
水管积分点 形函数 sf:
0.126680	0.123320	0.123320	0.126680	0.126680	0.123320	0.123320	0.126680	-0.117315	-0.114204	-0.114204	-0.117315	-0.117315	-0.114204	-0.114204	-0.117315	
水管积分点位置 x=-0.013440, y=0.000000, z=0.000000, r=0.012000, dir=[-1.000000,0.000000,0.000000]

水管积分点 H矩阵:
0.005126	0.004990	0.004990	0.005126	0.005126	0.004990	0.004990	0.005126	-0.004747	-0.004621	-0.004621	-0.004747	-0.004747	-0.004621	-0.004621	-0.004747	
0.004990	0.004858	0.004858	0.004990	0.004990	0.004858	0.004858	0.004990	-0.004621	-0.004499	-0.004499	-0.004621	-0.004621	-0.004499	-0.004499	-0.004621	
0.004990	0.004858	0.004858	0.004990	0.004990	0.004858	0.004858	0.004990	-0.004621	-0.004499	-0.004499	-0.004621	-0.004621	-0.004499	-0.004499	-0.004621	
0.005126	0.004990	0.004990	0.005126	0.005126	0.004990	0.004990	0.005126	-0.004747	-0.004621	-0.004621	-0.004747	-0.004747	-0.004621	-0.004621	-0.004747	
0.005126	0.004990	0.004990	0.005126	0.005126	0.004990	0.004990	0.005126	-0.004747	-0.004621	-0.004621	-0.004747	-0.004747	-0.004621	-0.004621	-0.004747	
0.004990	0.004858	0.004858	0.004990	0.004990	0.004858	0.004858	0.004990	-0.004621	-0.004499	-0.004499	-0.004621	-0.004621	-0.004499	-0.004499	-0.004621	
0.004990	0.004858	0.004858	0.004990	0.004990	0.004858	0.004858	0.004990	-0.004621	-0.004499	-0.004499	-0.004621	-0.004621	-0.004499	-0.004499	-0.004621	
0.005126	0.004990	0.004990	0.005126	0.005126	0.004990	0.004990	0.005126	-0.004747	-0.004621	-0.004621	-0.004747	-0.004747	-0.004621	-0.004621	-0.004747	
-0.004747	-0.004621	-0.004621	-0.004747	-0.004747	-0.004621	-0.004621	-0.004747	0.004396	0.004280	0.004280	0.004396	0.004396	0.004280	0.004280	0.004396	
-0.004621	-0.004499	-0.004499	-0.004621	-0.004621	-0.004499	-0.004499	-0.004621	0.004280	0.004166	0.004166	0.004280	0.004280	0.004166	0.004166	0.004280	
-0.004621	-0.004499	-0.004499	-0.004621	-0.004621	-0.004499	-0.004499	-0.004621	0.004280	0.004166	0.004166	0.004280	0.004280	0.004166	0.004166	0.004280	
-0.004747	-0.004621	-0.004621	-0.004747	-0.004747	-0.004621	-0.004621	-0.004747	0.004396	0.004280	0.004280	0.004396	0.004396	0.004280	0.004280	0.004396	
-0.004747	-0.004621	-0.004621	-0.004747	-0.004747	-0.004621	-0.004621	-0.004747	0.004396	0.004280	0.004280	0.004396	0.004396	0.004280	0.004280	0.004396	
-0.004621	-0.004499	-0.004499	-0.004621	-0.004621	-0.004499	-0.004499	-0.004621	0.004280	0.004166	0.004166	0.004280	0.004280	0.004166	0.004166	0.004280	
-0.004621	-0.004499	-0.004499	-0.004621	-0.004621	-0.004499	-0.004499	-0.004621	0.004280	0.004166	0.004166	0.004280	0.004280	0.004166	0.004166	0.004280	
-0.004747	-0.004621	-0.004621	-0.004747	-0.004747	-0.004621	-0.004621	-0.004747	0.004396	0.004280	0.004280	0.004396	0.004396	0.004280	0.004280	0.004396	
水管积分点 形函数 sf:
0.123320	0.123320	0.126680	0.126680	0.123320	0.123320	0.126680	0.126680	-0.114204	-0.114204	-0.117315	-0.117315	-0.114204	-0.114204	-0.117315	-0.117315	
水管积分点位置 x=0.000000, y=0.013440, z=0.000000, r=0.012000, dir=[0.000000,0.000000,1.000000]

水管积分点 H矩阵:
0.004858	0.004858	0.004990	0.004990	0.004858	0.004858	0.004990	0.004990	-0.004499	-0.004499	-0.004621	-0.004621	-0.004499	-0.004499	-0.004621	-0.004621	
0.004858	0.004858	0.004990	0.004990	0.004858	0.004858	0.004990	0.004990	-0.004499	-0.004499	-0.004621	-0.004621	-0.004499	-0.004499	-0.004621	-0.004621	
0.004990	0.004990	0.005126	0.005126	0.004990	0.004990	0.005126	0.005126	-0.004621	-0.004621	-0.004747	-0.004747	-0.004621	-0.004621	-0.004747	-0.004747	
0.004990	0.004990	0.005126	0.005126	0.004990	0.004990	0.005126	0.005126	-0.004621	-0.004621	-0.004747	-0.004747	-0.004621	-0.004621	-0.004747	-0.004747	
0.004858	0.004858	0.004990	0.004990	0.004858	0.004858	0.004990	0.004990	-0.004499	-0.004499	-0.004621	-0.004621	-0.004499	-0.004499	-0.004621	-0.004621	
0.004858	0.004858	0.004990	0.004990	0.004858	0.004858	0.004990	0.004990	-0.004499	-0.004499	-0.004621	-0.004621	-0.004499	-0.004499	-0.004621	-0.004621	
0.004990	0.004990	0.005126	0.005126	0.004990	0.004990	0.005126	0.005126	-0.004621	-0.004621	-0.004747	-0.004747	-0.004621	-0.004621	-0.004747	-0.004747	
0.004990	0.004990	0.005126	0.005126	0.004990	0.004990	0.005126	0.005126	-0.004621	-0.004621	-0.004747	-0.004747	-0.004621	-0.004621	-0.004747	-0.004747	
-0.004499	-0.004499	-0.004621	-0.004621	-0.004499	-0.004499	-0.004621	-0.004621	0.004166	0.004166	0.004280	0.004280	0.004166	0.004166	0.004280	0.004280	
-0.004499	-0.004499	-0.004621	-0.004621	-0.004499	-0.004499	-0.004621	-0.004621	0.004166	0.004166	0.004280	0.004280	0.004166	0.004166	0.004280	0.004280	
-0.004621	-0.004621	-0.004747	-0.004747	-0.004621	-0.004621	-0.004747	-0.004747	0.004280	0.004280	0.004396	0.004396	0.004280	0.004280	0.004396	0.004396