        0DDDD          TTTTTTTTTTTTT     FFFF5FFFFFFF      SSSSSSSSSSS
        DD   DDD        TTTTTTTTTTT      FFFFFFFFFFF      SSSSSSSSSSS
        DD     DD           TTT          FF               SSS
        DD      DD          TTT          FF                 SSS
        DD      DDD         TTT          FFFFFFFFFF           SSS
        DD      DDD         TTT          FFFFFFFFF              SSS
        DD      DD          TTT          FF                       SSS
        DD     DD           TTT          FF                        SSS
        DD   DDD             T           FF                 SSSSSSSSSS
        DDDDD                T           F                 SSSSSSSSSS



*** This log file includes the shape function matrix.


*********  Gauss Point [0]  *********
Location£ºx =  0.7500, y =  0.9531, z =  1.2500
	r =  0.5952 dir = [ 0.0000  0.0000  1.0000]
ShapeFunc sf [1~16]:
	 0.0794	 0.0794	 0.3971	 0.3971	 0.0039	 0.0039	 0.0195	 0.0195	-0.0018	-0.0018	-0.0088	-0.0088	-0.0001	-0.0001	-0.0004	-0.0004	
Derivative: dsf
	-0.0794	 0.0794	 0.3971	-0.3971	-0.0039	 0.0039	 0.0195	-0.0195	
	-0.2383	-0.2383	 0.2383	 0.2383	-0.0117	-0.0117	 0.0117	 0.0117	
	-0.0417	-0.0417	-0.2083	-0.2083	 0.0417	 0.0417	 0.2083	 0.2083	
Derivative: dxydsf
	-0.1059	 0.1059	 0.5295	-0.5295	-0.0052	 0.0052	 0.0261	-0.0261	 0.0023	-0.0023	-0.0117	 0.0117	 0.0001	-0.0001	-0.0006	 0.0006	
	 0.0833	 0.0833	 0.4167	 0.4167	-0.0833	-0.0833	-0.4167	-0.4167	-0.0018	-0.0018	-0.0092	-0.0092	 0.0018	 0.0018	 0.0092	 0.0092	
	-0.3177	-0.3177	 0.3177	 0.3177	-0.0156	-0.0156	 0.0156	 0.0156	 0.0204	 0.0204	 0.0600	 0.0600	 0.0010	 0.0010	 0.0030	 0.0030	
Weight w :  0.0533
Det det :  0.2813

*********  Gauss Point [1]  *********
Location£ºx =  1.0578, y =  0.9531, z =  1.1474
	r =  0.5984 dir = [ 0.6124  0.0000  0.7906]
ShapeFunc sf [1~16]:
	 0.0660	 0.1580	 0.5141	 0.2149	 0.0033	 0.0078	 0.0253	 0.0106	-0.0014	-0.0034	-0.0112	-0.0047	-0.0001	-0.0002	-0.0005	-0.0002	
Derivative: dsf
	-0.1120	 0.1120	 0.3645	-0.3645	-0.0055	 0.0055	 0.0179	-0.0179	
	-0.1405	-0.3361	 0.3361	 0.1405	-0.0069	-0.0165	 0.0165	 0.0069	
	-0.0346	-0.0829	-0.2697	-0.1127	 0.0346	 0.0829	 0.2697	 0.1127	
Derivative: dxydsf
	-0.1494	 0.1494	 0.4860	-0.4860	-0.0074	 0.0074	 0.0239	-0.0239	 0.0099	 0.0128	 0.0415	 0.0323	 0.0005	 0.0006	 0.0020	 0.0016	
	 0.0693	 0.1658	 0.5394	 0.2255	-0.0693	-0.1658	-0.5394	-0.2255	-0.0015	-0.0036	-0.0117	-0.0049	 0.0015	 0.0036	 0.0117	 0.0049	
	-0.1873	-0.4481	 0.4481	 0.1873	-0.0092	-0.0221	 0.0221	 0.0092	 0.0127	 0.0304	 0.0575	 0.0240	 0.0006	 0.0015	 0.0028	 0.0012	
Weight w :  0.0314
Det det :  0.2812

*********  Gauss Point [2]  *********
Location£ºx =  0.7500, y =  0.9531, z =  1.4552
	r =  0.8395 dir = [ 0.0000  0.0000  1.0000]
ShapeFunc sf [1~16]:
	 0.0142	 0.0142	 0.4623	 0.4623	 0.0007	 0.0007	 0.0228	 0.0228	-0.0001	-0.0001	-0.0021	-0.0021	-0.0000	-0.0000	-0.0001	-0.0001	
Derivative: dsf
	-0.0142	 0.0142	 0.4623	-0.4623	-0.0007	 0.0007	 0.0228	-0.0228	
	-0.2383	-0.2383	 0.2383	 0.2383	-0.0117	-0.0117	 0.0117	 0.0117	
	-0.0075	-0.0075	-0.2425	-0.2425	 0.0075	 0.0075	 0.2425	 0.2425	
Derivative: dxydsf
	-0.0190	 0.0190	 0.6164	-0.6164	-0.0009	 0.0009	 0.0303	-0.0303	 0.0001	-0.0001	-0.0029	 0.0029	 0.0000	-0.0000	-0.0001	 0.0001	
	 0.0149	 0.0149	 0.4851	 0.4851	-0.0149	-0.0149	-0.4851	-0.4851	-0.0001	-0.0001	-0.0023	-0.0023	 0.0001	 0.0001	 0.0023	 0.0023	
	-0.3177	-0.3177	 0.3177	 0.3177	-0.0156	-0.0156	 0.0156	 0.0156	 0.0020	 0.0020	 0.0149	 0.0149	 0.0001	 0.0001	 0.0007	 0.0007	
Weight w :  0.0314
Det det :  0.2813

*********  Gauss Point [3]  *********
Location£ºx =  0.4422, y =  0.9531, z =  1.1474
	r =  0.5984 dir = [-0.6124  0.0000  0.7906]
ShapeFunc sf [1~16]:
	 0.1580	 0.0660	 0.2149	 0.5141	 0.0078	 0.0033	 0.0106	 0.0253	-0.0034	-0.0014	-0.0047	-0.0112	-0.0002	-0.0001	-0.0002	-0.0005	
Derivative: dsf
	-0.1120	 0.1120	 0.3645	-0.3645	-0.0055	 0.0055	 0.0179	-0.0179	
	-0.3361	-0.1405	 0.1405	 0.3361	-0.0165	-0.0069	 0.0069	 0.0165	
	-0.0829	-0.0346	-0.1127	-0.2697	 0.0829	 0.0346	 0.1127	 0.2697	
Derivative: dxydsf
	-0.1494	 0.1494	 0.4860	-0.4860	-0.0074	 0.0074	 0.0239	-0.0239	-0.0128	-0.0099	-0.0323	-0.0415	-0.0006	-0.0005	-0.0016	-0.0020	
	 0.1658	 0.0693	 0.2255	 0.5394	-0.1658	-0.0693	-0.2255	-0.5394	-0.0036	-0.0015	-0.0049	-0.0117	 0.0036	 0.0015	 0.0049	 0.0117	
	-0.4481	-0.1873	 0.1873	 0.4481	-0.0221	-0.0092	 0.0092	 0.0221	 0.0304	 0.0127	 0.0240	 0.0575	 0.0015	 0.0006	 0.0012	 0.0028	
Weight w :  0.0314
Det det :  0.2813

*********  Gauss Point [4]  *********
Location£ºx =  0.2279, y =  0.9531, z =  1.4240
	r =  1.0150 dir = [-0.6124  0.0000  0.7906]
ShapeFunc sf [1~16]:
	 0.0409	 0.0073	 0.1375	 0.7674	 0.0020	 0.0004	 0.0068	 0.0378	-0.0001	-0.0000	-0.0002	-0.0012	-0.0000	-0.0000	-0.0000	-0.0001	
Derivative: dsf
	-0.0241	 0.0241	 0.4524	-0.4524	-0.0012	 0.0012	 0.0223	-0.0223	
	-0.4041	-0.0724	 0.0724	 0.4041	-0.0199	-0.0036	 0.0036	 0.0199	
	-0.0215	-0.0038	-0.0721	-0.4026	 0.0215	 0.0038	 0.0721	 0.4026	
Derivative: dxydsf
	-0.0322	 0.0322	 0.6032	-0.6032	-0.0016	 0.0016	 0.0297	-0.0297	-0.0002	-0.0001	-0.0019	-0.0045	-0.0000	-0.0000	-0.0001	-0.0002	
	 0.0429	 0.0077	 0.1442	 0.8051	-0.0429	-0.0077	-0.1442	-0.8051	-0.0001	-0.0000	-0.0002	-0.0012	 0.0001	 0.0000	 0.0002	 0.0012	
	-0.5389	-0.0965	 0.0965	 0.5389	-0.0265	-0.0048	 0.0048	 0.0265	 0.0012	 0.0002	 0.0011	 0.0062	 0.0001	 0.0000	 0.0001	 0.0003	
Weight w :  0.0298
Det det :  0.2813

*********  Gauss Point [5]  *********
Location£ºx =  0.7500, y =  0.9531, z =  0.9019
	r =  0.1809 dir = [ 0.0000  0.0000  1.0000]
ShapeFunc sf [1~16]:
	 0.1900	 0.1900	 0.2865	 0.2865	 0.0094	 0.0094	 0.0141	 0.0141	-0.0597	-0.0597	-0.0900	-0.0900	-0.0029	-0.0029	-0.0044	-0.0044	
Derivative: dsf
	-0.1900	 0.1900	 0.2865	-0.2865	-0.0094	 0.0094	 0.0141	-0.0141	
	-0.2383	-0.2383	 0.2383	 0.2383	-0.0117	-0.0117	 0.0117	 0.0117	
	-0.0997	-0.0997	-0.1503	-0.1503	 0.0997	 0.0997	 0.1503	 0.1503	
Derivative: dxydsf
	-0.2533	 0.2533	 0.3821	-0.3821	-0.0125	 0.0125	 0.0188	-0.0188	 0.0796	-0.0796	-0.1201	 0.1201	 0.0039	-0.0039	-0.0059	 0.0059	
	 0.1994	 0.1994	 0.3006	 0.3006	-0.1994	-0.1994	-0.3006	-0.3006	-0.0626	-0.0626	-0.0945	-0.0945	 0.0626	 0.0626	 0.0945	 0.0945	
	-0.3177	-0.3177	 0.3177	 0.3177	-0.0156	-0.0156	 0.0156	 0.0156	 0.5547	 0.5547	 0.5862	 0.5862	 0.0273	 0.0273	 0.0289	 0.0289	
Weight w :  0.0298
Det det :  0.2813

*********  Gauss Point [6]  *********
Location£ºx =  1.2721, y =  0.9531, z =  1.4240
	r =  1.0150 dir = [ 0.6124  0.0000  0.7906]
ShapeFunc sf [1~16]:
	 0.0073	 0.0409	 0.7674	 0.1375	 0.0004	 0.0020	 0.0378	 0.0068	-0.0000	-0.0001	-0.0012	-0.0002	-0.0000	-0.0000	-0.0001	-0.0000	
Derivative: dsf
	-0.0241	 0.0241	 0.4524	-0.4524	-0.0012	 0.0012	 0.0223	-0.0223	
	-0.0724	-0.4041	 0.4041	 0.0724	-0.0036	-0.0199	 0.0199	 0.0036	
	-0.0038	-0.0215	-0.4026	-0.0721	 0.0038	 0.0215	 0.4026	 0.0721	
Derivative: dxydsf
	-0.0322	 0.0322	 0.6032	-0.6032	-0.0016	 0.0016	 0.0297	-0.0297	 0.0001	 0.0002	 0.0045	 0.0019	 0.0000	 0.0000	 0.0002	 0.0001	
	 0.0077	 0.0429	 0.8051	 0.1442	-0.0077	-0.0429	-0.8051	-0.1442	-0.0000	-0.0001	-0.0012	-0.0002	 0.0000	 0.0001	 0.0012	 0.0002	
	-0.0965	-0.5389	 0.5389	 0.0965	-0.0048	-0.0265	 0.0265	 0.0048	 0.0002	 0.0012	 0.0062	 0.0011	 0.0000	 0.0001	 0.0003	 0.0001	
Weight w :  0.0298
Det det :  0.2813

*********  Gauss Point [7]  *********
Location£ºx =  0.7500, y =  0.7692, z =  1.2500
	r =  0.5952 dir = [ 0.0000  0.0000  1.0000]
ShapeFunc sf [1~16]:
	 0.0641	 0.0641	 0.3205	 0.3205	 0.0192	 0.0192	 0.0962	 0.0962	-0.0014	-0.0014	-0.0071	-0.0071	-0.0004	-0.0004	-0.0021	-0.0021	
Derivative: dsf
	-0.0641	 0.0641	 0.3205	-0.3205	-0.0192	 0.0192	 0.0962	-0.0962	
	-0.1923	-0.1923	 0.1923	 0.1923	-0.0577	-0.0577	 0.0577	 0.0577	
	-0.0417	-0.0417	-0.2083	-0.2083	 0.0417	 0.0417	 0.2083	 0.2083	
Derivative: dxydsf
	-0.0855	 0.0855	 0.4273	-0.4273	-0.0256	 0.0256	 0.1282	-0.1282	 0.0019	-0.0019	-0.0095	 0.0095	 0.0006	-0.0006	-0.0028	 0.0028	
	 0.0833	 0.0833	 0.4167	 0.4167	-0.0833	-0.0833	-0.4167	-0.4167	-0.0018	-0.0018	-0.0092	-0.0092	 0.0018	 0.0018	 0.0092	 0.0092	
	-0.2564	-0.2564	 0.2564	 0.2564	-0.0769	-0.0769	 0.0769	 0.0769	 0.0165	 0.0165	 0.0484	 0.0484	 0.0050	 0.0050	 0.0145	 0.0145	
Weight w :  0.1077
Det det :  0.2813

*********  Gauss Point [8]  *********
Location£ºx =  1.0578, y =  0.7692, z =  1.1474
	r =  0.5984 dir = [ 0.6124  0.0000  0.7906]
ShapeFunc sf [1~16]:
	 0.0533	 0.1275	 0.4150	 0.1735	 0.0160	 0.0383	 0.1245	 0.0520	-0.0012	-0.0028	-0.0090	-0.0038	-0.0003	-0.0008	-0.0027	-0.0011	
Derivative: dsf
	-0.0904	 0.0904	 0.2942	-0.2942	-0.0271	 0.0271	 0.0883	-0.0883	
	-0.1134	-0.2712	 0.2712	 0.1134	-0.0340	-0.0814	 0.0814	 0.0340	
	-0.0346	-0.0829	-0.2697	-0.1127	 0.0346	 0.0829	 0.2697	 0.1127	
Derivative: dxydsf
	-0.1206	 0.1206	 0.3923	-0.3923	-0.0362	 0.0362	 0.1177	-0.1177	 0.0080	 0.0103	 0.0335	 0.0261	 0.0024	 0.0031	 0.0101	 0.0078	
	 0.0693	 0.1658	 0.5394	 0.2255	-0.0693	-0.1658	-0.5394	-0.2255	-0.0015	-0.0036	-0.0117	-0.0049	 0.0015	 0.0036	 0.0117	 0.0049	
	-0.1512	-0.3616	 0.3616	 0.1512	-0.0454	-0.1085	 0.1085	 0.0454	 0.0103	 0.0245	 0.0464	 0.0194	 0.0031	 0.0074	 0.0139	 0.0058	
Weight w :  0.0634
Det det :  0.2812

*********  Gauss Point [9]  *********
Location£ºx =  0.7500, y =  0.7692, z =  1.4552
	r =  0.8395 dir = [-0.0000  0.0000  1.0000]
ShapeFunc sf [1~16]:
	 0.0115	 0.0115	 0.3731	 0.3731	 0.0034	 0.0034	 0.1119	 0.1119	-0.0001	-0.0001	-0.0017	-0.0017	-0.0000	-0.0000	-0.0005	-0.0005	
Derivative: dsf
	-0.0115	 0.0115	 0.3731	-0.3731	-0.0034	 0.0034	 0.1119	-0.1119	
	-0.1923	-0.1923	 0.1923	 0.1923	-0.0577	-0.0577	 0.0577	 0.0577	
	-0.0075	-0.0075	-0.2425	-0.2425	 0.0075	 0.0075	 0.2425	 0.2425	
Derivative: dxydsf
	-0.0153	 0.0153	 0.4975	-0.4975	-0.0046	 0.0046	 0.1493	-0.1493	 0.0001	-0.0001	-0.0023	 0.0023	 0.0000	-0.0000	-0.0007	 0.0007	
	 0.0149	 0.0149	 0.4851	 0.4851	-0.0149	-0.0149	-0.4851	-0.4851	-0.0001	-0.0001	-0.0023	-0.0023	 0.0001	 0.0001	 0.0023	 0.0023	
	-0.2564	-0.2564	 0.2564	 0.2564	-0.0769	-0.0769	 0.0769	 0.0769	 0.0016	 0.0016	 0.0120	 0.0120	 0.0005	 0.0005	 0.0036	 0.0036	
Weight w :  0.0634
Det det :  0.2812

*********  Gauss Point [10]  *********
Location£ºx =  0.4422, y =  0.7692, z =  1.1474
	r =  0.5984 dir = [-0.6124  0.0000  0.7906]
ShapeFunc sf [1~16]:
	 0.1275	 0.0533	 0.1735	 0.4150	 0.0383	 0.0160	 0.0520	 0.1245	-0.0028	-0.0012	-0.0038	-0.0090	-0.0008	-0.0003	-0.0011	-0.0027	
Derivative: dsf
	-0.0904	 0.0904	 0.2942	-0.2942	-0.0271	 0.0271	 0.0883	-0.0883	
	-0.2712	-0.1134	 0.1134	 0.2712	-0.0814	-0.0340	 0.0340	 0.0814	
	-0.0829	-0.0346	-0.1127	-0.2697	 0.0829	 0.0346	 0.1127	 0.2697	
Derivative: dxydsf
	-0.1206	 0.1206	 0.3923	-0.3923	-0.0362	 0.0362	 0.1177	-0.1177	-0.0103	-0.0080	-0.0261	-0.0335	-0.0031	-0.0024	-0.0078	-0.0101	
	 0.1658	 0.0693	 0.2255	 0.5394	-0.1658	-0.0693	-0.2255	-0.5394	-0.0036	-0.0015	-0.0049	-0.0117	 0.0036	 0.0015	 0.0049	 0.0117	
	-0.3616	-0.1512	 0.1512	 0.3616	-0.1085	-0.0454	 0.0454	 0.1085	 0.0245	 0.0103	 0.0194	 0.0464	 0.0074	 0.0031	 0.0058	 0.0139	
Weight w :  0.0634
Det det :  0.2812

*********  Gauss Point [11]  *********
Location£ºx =  0.2279, y =  0.7692, z =  1.4240
	r =  1.0150 dir = [-0.6124  0.0000  0.7906]
ShapeFunc sf [1~16]:
	 0.0330	 0.0059	 0.1110	 0.6193	 0.0099	 0.0018	 0.0333	 0.1858	-0.0000	-0.0000	-0.0002	-0.0009	-0.0000	-0.0000	-0.0001	-0.0003	
Derivative: dsf
	-0.0195	 0.0195	 0.3651	-0.3651	-0.0058	 0.0058	 0.1095	-0.1095	
	-0.3262	-0.0584	 0.0584	 0.3262	-0.0979	-0.0175	 0.0175	 0.0979	
	-0.0215	-0.0038	-0.0721	-0.4026	 0.0215	 0.0038	 0.0721	 0.4026	
Derivative: dxydsf
	-0.0260	 0.0260	 0.4869	-0.4869	-0.0078	 0.0078	 0.1461	-0.1461	-0.0002	-0.0001	-0.0015	-0.0036	-0.0001	-0.0000	-0.0005	-0.0011	
	 0.0429	 0.0077	 0.1442	 0.8051	-0.0429	-0.0077	-0.1442	-0.8051	-0.0001	-0.0000	-0.0002	-0.0012	 0.0001	 0.0000	 0.0002	 0.0012	
	-0.4349	-0.0779	 0.0779	 0.4349	-0.1305	-0.0234	 0.0234	 0.1305	 0.0010	 0.0002	 0.0009	 0.0050	 0.0003	 0.0001	 0.0003	 0.0015	
Weight w :  0.0603
Det det :  0.2813

*********  Gauss Point [12]  *********
Location£ºx =  0.7500, y =  0.7692, z =  0.9019
	r =  0.1809 dir = [ 0.0000  0.0000  1.0000]
ShapeFunc sf [1~16]:
	 0.1534	 0.1534	 0.2313	 0.2313	 0.0460	 0.0460	 0.0694	 0.0694	-0.0482	-0.0482	-0.0727	-0.0727	-0.0145	-0.0145	-0.0218	-0.0218	
Derivative: dsf
	-0.1534	 0.1534	 0.2313	-0.2313	-0.0460	 0.0460	 0.0694	-0.0694	
	-0.1923	-0.1923	 0.1923	 0.1923	-0.0577	-0.0577	 0.0577	 0.0577	
	-0.0997	-0.0997	-0.1503	-0.1503	 0.0997	 0.0997	 0.1503	 0.1503	
Derivative: dxydsf
	-0.2045	 0.2045	 0.3084	-0.3084	-0.0613	 0.0613	 0.0925	-0.0925	 0.0643	-0.0643	-0.0969	 0.0969	 0.0193	-0.0193	-0.0291	 0.0291	
	 0.1994	 0.1994	 0.3006	 0.3006	-0.1994	-0.1994	-0.3006	-0.3006	-0.0626	-0.0626	-0.0945	-0.0945	 0.0626	 0.0626	 0.0945	 0.0945	
	-0.2564	-0.2564	 0.2564	 0.2564	-0.0769	-0.0769	 0.0769	 0.0769	 0.4477	 0.4477	 0.4731	 0.4731	 0.1343	 0.1343	 0.1419	 0.1419	
Weight w :  0.0603
Det det :  0.2813

*********  Gauss Point [13]  *********
Location£ºx =  1.2721, y =  0.7692, z =  1.4240
	r =  1.0150 dir = [ 0.6124  0.0000  0.7906]
ShapeFunc sf [1~16]:
	 0.0059	 0.0330	 0.6193	 0.1110	 0.0018	 0.0099	 0.1858	 0.0333	-0.0000	-0.0000	-0.0009	-0.0002	-0.0000	-0.0000	-0.0003	-0.0001	
Derivative: dsf
	-0.0195	 0.0195	 0.3651	-0.3651	-0.0058	 0.0058	 0.1095	-0.1095	
	-0.0584	-0.3262	 0.3262	 0.0584	-0.0175	-0.0979	 0.0979	 0.0175	
	-0.0038	-0.0215	-0.4026	-0.0721	 0.0038	 0.0215	 0.4026	 0.0721	
Derivative: dxydsf
	-0.0260	 0.0260	 0.4869	-0.4869	-0.0078	 0.0078	 0.1461	-0.1461	 0.0001	 0.0002	 0.0036	 0.0015	 0.0000	 0.0001	 0.0011	 0.0005	
	 0.0077	 0.0429	 0.8051	 0.1442	-0.0077	-0.0429	-0.8051	-0.1442	-0.0000	-0.0001	-0.0012	-0.0002	 0.0000	 0.0001	 0.0012	 0.0002	
	-0.0779	-0.4349	 0.4349	 0.0779	-0.0234	-0.1305	 0.1305	 0.0234	 0.0002	 0.0010	 0.0050	 0.0009	 0.0001	 0.0003	 0.0015	 0.0003	
Weight w :  0.0603
Det det :  0.2813

*********  Gauss Point [14]  *********
Location£ºx =  0.7500, y =  0.5000, z =  1.2500
	r =  0.5952 dir = [ 0.0000  0.0000  1.0000]
ShapeFunc sf [1~16]:
	 0.0417	 0.0417	 0.2083	 0.2083	 0.0417	 0.0417	 0.2083	 0.2083	-0.0009	-0.0009	-0.0046	-0.0046	-0.0009	-0.0009	-0.0046	-0.0046	
Derivative: dsf
	-0.0417	 0.0417	 0.2083	-0.2083	-0.0417	 0.0417	 0.2083	-0.2083	
	-0.1250	-0.1250	 0.1250	 0.1250	-0.1250	-0.1250	 0.1250	 0.1250	
	-0.0417	-0.0417	-0.2083	-0.2083	 0.0417	 0.0417	 0.2083	 0.2083	
Derivative: dxydsf
	-0.0556	 0.0556	 0.2778	-0.2778	-0.0556	 0.0556	 0.2778	-0.2778	 0.0012	-0.0012	-0.0062	 0.0062	 0.0012	-0.0012	-0.0062	 0.0062	
	 0.0833	 0.0833	 0.4167	 0.4167	-0.0833	-0.0833	-0.4167	-0.4167	-0.0018	-0.0018	-0.0092	-0.0092	 0.0018	 0.0018	 0.0092	 0.0092	
	-0.1667	-0.1667	 0.1667	 0.1667	-0.1667	-0.1667	 0.1667	 0.1667	 0.0107	 0.0107	 0.0315	 0.0315	 0.0107	 0.0107	 0.0315	 0.0315	
Weight w :  0.1280
Det det :  0.2813

*********  Gauss Point [15]  *********
Location£ºx =  1.0578, y =  0.5000, z =  1.1474
	r =  0.5984 dir = [ 0.6124  0.0000  0.7906]
ShapeFunc sf [1~16]:
	 0.0346	 0.0829	 0.2697	 0.1127	 0.0346	 0.0829	 0.2697	 0.1127	-0.0008	-0.0018	-0.0059	-0.0024	-0.0008	-0.0018	-0.0059	-0.0024	
Derivative: dsf
	-0.0588	 0.0588	 0.1912	-0.1912	-0.0588	 0.0588	 0.1912	-0.1912	
	-0.0737	-0.1763	 0.1763	 0.0737	-0.0737	-0.1763	 0.1763	 0.0737	
	-0.0346	-0.0829	-0.2697	-0.1127	 0.0346	 0.0829	 0.2697	 0.1127	
Derivative: dxydsf
	-0.0784	 0.0784	 0.2550	-0.2550	-0.0784	 0.0784	 0.2550	-0.2550	 0.0052	 0.0067	 0.0218	 0.0170	 0.0052	 0.0067	 0.0218	 0.0170	
	 0.0693	 0.1658	 0.5394	 0.2255	-0.0693	-0.1658	-0.5394	-0.2255	-0.0015	-0.0036	-0.0117	-0.0049	 0.0015	 0.0036	 0.0117	 0.0049	
	-0.0983	-0.2351	 0.2351	 0.0983	-0.0983	-0.2351	 0.2351	 0.0983	 0.0067	 0.0159	 0.0302	 0.0126	 0.0067	 0.0159	 0.0302	 0.0126	
Weight w :  0.0753
Det det :  0.2813

*********  Gauss Point [16]  *********
Location£ºx =  0.7500, y =  0.5000, z =  1.4552
	r =  0.8395 dir = [ 0.0000  0.0000  1.0000]
ShapeFunc sf [1~16]:
	 0.0075	 0.0075	 0.2425	 0.2425	 0.0075	 0.0075	 0.2425	 0.2425	-0.0000	-0.0000	-0.0011	-0.0011	-0.0000	-0.0000	-0.0011	-0.0011	
Derivative: dsf
	-0.0075	 0.0075	 0.2425	-0.2425	-0.0075	 0.0075	 0.2425	-0.2425	
	-0.1250	-0.1250	 0.1250	 0.1250	-0.1250	-0.1250	 0.1250	 0.1250	
	-0.0075	-0.0075	-0.2425	-0.2425	 0.0075	 0.0075	 0.2425	 0.2425	
Derivative: dxydsf
	-0.0100	 0.0100	 0.3234	-0.3234	-0.0100	 0.0100	 0.3234	-0.3234	 0.0000	-0.0000	-0.0015	 0.0015	 0.0000	-0.0000	-0.0015	 0.0015	
	 0.0149	 0.0149	 0.4851	 0.4851	-0.0149	-0.0149	-0.4851	-0.4851	-0.0001	-0.0001	-0.0023	-0.0023	 0.0001	 0.0001	 0.0023	 0.0023	
	-0.1667	-0.1667	 0.1667	 0.1667	-0.1667	-0.1667	 0.1667	 0.1667	 0.0010	 0.0010	 0.0078	 0.0078	 0.0010	 0.0010	 0.0078	 0.0078	
Weight w :  0.0753
Det det :  0.2813

*********  Gauss Point [17]  *********
Location£ºx =  0.4422, y =  0.5000, z =  1.1474
	r =  0.5984 dir = [-0.6124  0.0000  0.7906]
ShapeFunc sf [1~16]:
	 0.0829	 0.0346	 0.1127	 0.2697	 0.0829	 0.0346	 0.1127	 0.2697	-0.0018	-0.0008	-0.0024	-0.0059	-0.0018	-0.0008	-0.0024	-0.0059	
Derivative: dsf
	-0.0588	 0.0588	 0.1912	-0.1912	-0.0588	 0.0588	 0.1912	-0.1912	
	-0.1763	-0.0737	 0.0737	 0.1763	-0.1763	-0.0737	 0.0737	 0.1763	
	-0.0829	-0.0346	-0.1127	-0.2697	 0.0829	 0.0346	 0.1127	 0.2697	
Derivative: dxydsf
	-0.0784	 0.0784	 0.2550	-0.2550	-0.0784	 0.0784	 0.2550	-0.2550	-0.0067	-0.0052	-0.0170	-0.0218	-0.0067	-0.0052	-0.0170	-0.0218	
	 0.1658	 0.0693	 0.2255	 0.5394	-0.1658	-0.0693	-0.2255	-0.5394	-0.0036	-0.0015	-0.0049	-0.0117	 0.0036	 0.0015	 0.0049	 0.0117	
	-0.2351	-0.0983	 0.0983	 0.2351	-0.2351	-0.0983	 0.0983	 0.2351	 0.0159	 0.0067	 0.0126	 0.0302	 0.0159	 0.0067	 0.0126	 0.0302	
Weight w :  0.0753
Det det :  0.2813

*********  Gauss Point [18]  *********
Location£ºx =  0.2279, y =  0.5000, z =  1.4240
	r =  1.0150 dir = [-0.6124  0.0000  0.7906]
ShapeFunc sf [1~16]:
	 0.0215	 0.0038	 0.0721	 0.4026	 0.0215	 0.0038	 0.0721	 0.4026	-0.0000	-0.0000	-0.0001	-0.0006	-0.0000	-0.0000	-0.0001	-0.0006	
Derivative: dsf
	-0.0127	 0.0127	 0.2373	-0.2373	-0.0127	 0.0127	 0.2373	-0.2373	
	-0.2120	-0.0380	 0.0380	 0.2120	-0.2120	-0.0380	 0.0380	 0.2120	
	-0.0215	-0.0038	-0.0721	-0.4026	 0.0215	 0.0038	 0.0721	 0.4026	
Derivative: dxydsf
	-0.0169	 0.0169	 0.3165	-0.3165	-0.0169	 0.0169	 0.3165	-0.3165	-0.0001	-0.0001	-0.0010	-0.0024	-0.0001	-0.0001	-0.0010	-0.0024	
	 0.0429	 0.0077	 0.1442	 0.8051	-0.0429	-0.0077	-0.1442	-0.8051	-0.0001	-0.0000	-0.0002	-0.0012	 0.0001	 0.0000	 0.0002	 0.0012	
	-0.2827	-0.0506	 0.0506	 0.2827	-0.2827	-0.0506	 0.0506	 0.2827	 0.0006	 0.0001	 0.0006	 0.0032	 0.0006	 0.0001	 0.0006	 0.0032	
Weight w :  0.0716
Det det :  0.2813

*********  Gauss Point [19]  *********
Location£ºx =  0.7500, y =  0.5000, z =  0.9019
	r =  0.1809 dir = [ 0.0000  0.0000  1.0000]
ShapeFunc sf [1~16]:
	 0.0997	 0.0997	 0.1503	 0.1503	 0.0997	 0.0997	 0.1503	 0.1503	-0.0313	-0.0313	-0.0472	-0.0472	-0.0313	-0.0313	-0.0472	-0.0472	
Derivative: dsf
	-0.0997	 0.0997	 0.1503	-0.1503	-0.0997	 0.0997	 0.1503	-0.1503	
	-0.1250	-0.1250	 0.1250	 0.1250	-0.1250	-0.1250	 0.1250	 0.1250	
	-0.0997	-0.0997	-0.1503	-0.1503	 0.0997	 0.0997	 0.1503	 0.1503	
Derivative: dxydsf
	-0.1329	 0.1329	 0.2004	-0.2004	-0.1329	 0.1329	 0.2004	-0.2004	 0.0418	-0.0418	-0.0630	 0.0630	 0.0418	-0.0418	-0.0630	 0.0630	
	 0.1994	 0.1994	 0.3006	 0.3006	-0.1994	-0.1994	-0.3006	-0.3006	-0.0626	-0.0626	-0.0945	-0.0945	 0.0626	 0.0626	 0.0945	 0.0945	
	-0.1667	-0.1667	 0.1667	 0.1667	-0.1667	-0.1667	 0.1667	 0.1667	 0.2910	 0.2910	 0.3075	 0.3075	 0.2910	 0.2910	 0.3075	 0.3075	
Weight w :  0.0716
Det det :  0.2813

*********  Gauss Point [20]  *********
Location£ºx =  1.2721, y =  0.5000, z =  1.4240
	r =  1.0150 dir = [ 0.6124  0.0000  0.7906]
ShapeFunc sf [1~16]:
	 0.0038	 0.0215	 0.4026	 0.0721	 0.0038	 0.0215	 0.4026	 0.0721	-0.0000	-0.0000	-0.0006	-0.0001	-0.0000	-0.0000	-0.0006	-0.0001	
Derivative: dsf
	-0.0127	 0.0127	 0.2373	-0.2373	-0.0127	 0.0127	 0.2373	-0.2373	
	-0.0380	-0.2120	 0.2120	 0.0380	-0.0380	-0.2120	 0.2120	 0.0380	
	-0.0038	-0.0215	-0.4026	-0.0721	 0.0038	 0.0215	 0.4026	 0.0721	
Derivative: dxydsf
	-0.0169	 0.0169	 0.3165	-0.3165	-0.0169	 0.0169	 0.3165	-0.3165	 0.0001	 0.0001	 0.0024	 0.0010	 0.0001	 0.0001	 0.0024	 0.0010	
	 0.0077	 0.0429	 0.8051	 0.1442	-0.0077	-0.0429	-0.8051	-0.1442	-0.0000	-0.0001	-0.0012	-0.0002	 0.0000	 0.0001	 0.0012	 0.0002	
	-0.0506	-0.2827	 0.2827	 0.0506	-0.0506	-0.2827	 0.2827	 0.0506	 0.0001	 0.0006	 0.0032	 0.0006	 0.0001	 0.0006	 0.0032	 0.0006	
Weight w :  0.0716
Det det :  0.2813

*********  Gauss Point [21]  *********
Location£ºx =  0.7500, y =  0.2308, z =  1.2500
	r =  0.5952 dir = [ 0.0000 -0.0000  1.0000]
ShapeFunc sf [1~16]:
	 0.0192	 0.0192	 0.0962	 0.0962	 0.0641	 0.0641	 0.3205	 0.3205	-0.0004	-0.0004	-0.0021	-0.0021	-0.0014	-0.0014	-0.0071	-0.0071	
Derivative: dsf
	-0.0192	 0.0192	 0.0962	-0.0962	-0.0641	 0.0641	 0.3205	-0.3205	
	-0.0577	-0.0577	 0.0577	 0.0577	-0.1923	-0.1923	 0.1923	 0.1923	
	-0.0417	-0.0417	-0.2083	-0.2083	 0.0417	 0.0417	 0.2083	 0.2083	
Derivative: dxydsf
	-0.0256	 0.0256	 0.1282	-0.1282	-0.0855	 0.0855	 0.4273	-0.4273	 0.0006	-0.0006	-0.0028	 0.0028	 0.0019	-0.0019	-0.0095	 0.0095	
	 0.0833	 0.0833	 0.4167	 0.4167	-0.0833	-0.0833	-0.4167	-0.4167	-0.0018	-0.0018	-0.0092	-0.0092	 0.0018	 0.0018	 0.0092	 0.0092	
	-0.0769	-0.0769	 0.0769	 0.0769	-0.2564	-0.2564	 0.2564	 0.2564	 0.0050	 0.0050	 0.0145	 0.0145	 0.0165	 0.0165	 0.0484	 0.0484	
Weight w :  0.1077
Det det :  0.2813

*********  Gauss Point [22]  *********
Location£ºx =  1.0578, y =  0.2308, z =  1.1474
	r =  0.5984 dir = [ 0.6124  0.0000  0.7906]
ShapeFunc sf [1~16]:
	 0.0160	 0.0383	 0.1245	 0.0520	 0.0533	 0.1275	 0.4150	 0.1735	-0.0003	-0.0008	-0.0027	-0.0011	-0.0012	-0.0028	-0.0090	-0.0038	
Derivative: dsf
	-0.0271	 0.0271	 0.0883	-0.0883	-0.0904	 0.0904	 0.2942	-0.2942	
	-0.0340	-0.0814	 0.0814	 0.0340	-0.1134	-0.2712	 0.2712	 0.1134	
	-0.0346	-0.0829	-0.2697	-0.1127	 0.0346	 0.0829	 0.2697	 0.1127	
Derivative: dxydsf
	-0.0362	 0.0362	 0.1177	-0.1177	-0.1206	 0.1206	 0.3923	-0.3923	 0.0024	 0.0031	 0.0101	 0.0078	 0.0080	 0.0103	 0.0335	 0.0261	
	 0.0693	 0.1658	 0.5394	 0.2255	-0.0693	-0.1658	-0.5394	-0.2255	-0.0015	-0.0036	-0.0117	-0.0049	 0.0015	 0.0036	 0.0117	 0.0049	
	-0.0454	-0.1085	 0.1085	 0.0454	-0.1512	-0.3616	 0.3616	 0.1512	 0.0031	 0.0074	 0.0139	 0.0058	 0.0103	 0.0245	 0.0464	 0.0194	
Weight w :  0.0634
Det det :  0.2813

*********  Gauss Point [23]  *********
Location£ºx =  0.7500, y =  0.2308, z =  1.4552
	r =  0.8395 dir = [ 0.0000 -0.0000  1.0000]
ShapeFunc sf [1~16]:
	 0.0034	 0.0034	 0.1119	 0.1119	 0.0115	 0.0115	 0.3731	 0.3731	-0.0000	-0.0000	-0.0005	-0.0005	-0.0001	-0.0001	-0.0017	-0.0017	
Derivative: dsf
	-0.0034	 0.0034	 0.1119	-0.1119	-0.0115	 0.0115	 0.3731	-0.3731	
	-0.0577	-0.0577	 0.0577	 0.0577	-0.1923	-0.1923	 0.1923	 0.1923	
	-0.0075	-0.0075	-0.2425	-0.2425	 0.0075	 0.0075	 0.2425	 0.2425	
Derivative: dxydsf
	-0.0046	 0.0046	 0.1493	-0.1493	-0.0153	 0.0153	 0.4975	-0.4975	 0.0000	-0.0000	-0.0007	 0.0007	 0.0001	-0.0001	-0.0023	 0.0023	
	 0.0149	 0.0149	 0.4851	 0.4851	-0.0149	-0.0149	-0.4851	-0.4851	-0.0001	-0.0001	-0.0023	-0.0023	 0.0001	 0.0001	 0.0023	 0.0023	
	-0.0769	-0.0769	 0.0769	 0.0769	-0.2564	-0.2564	 0.2564	 0.2564	 0.0005	 0.0005	 0.0036	 0.0036	 0.0016	 0.0016	 0.0120	 0.0120	
Weight w :  0.0634
Det det :  0.2813

*********  Gauss Point [24]  *********
Location£ºx =  0.4422, y =  0.2308, z =  1.1474
	r =  0.5984 dir = [-0.6124 -0.0000  0.7906]
ShapeFunc sf [1~16]:
	 0.0383	 0.0160	 0.0520	 0.1245	 0.1275	 0.0533	 0.1735	 0.4150	-0.0008	-0.0003	-0.0011	-0.0027	-0.0028	-0.0012	-0.0038	-0.0090	
Derivative: dsf
	-0.0271	 0.0271	 0.0883	-0.0883	-0.0904	 0.0904	 0.2942	-0.2942	
	-0.0814	-0.0340	 0.0340	 0.0814	-0.2712	-0.1134	 0.1134	 0.2712	
	-0.0829	-0.0346	-0.1127	-0.2697	 0.0829	 0.0346	 0.1127	 0.2697	
Derivative: dxydsf
	-0.0362	 0.0362	 0.1177	-0.1177	-0.1206	 0.1206	 0.3923	-0.3923	-0.0031	-0.0024	-0.0078	-0.0101	-0.0103	-0.0080	-0.0261	-0.0335	
	 0.1658	 0.0693	 0.2255	 0.5394	-0.1658	-0.0693	-0.2255	-0.5394	-0.0036	-0.0015	-0.0049	-0.0117	 0.0036	 0.0015	 0.0049	 0.0117	
	-0.1085	-0.0454	 0.0454	 0.1085	-0.3616	-0.1512	 0.1512	 0.3616	 0.0074	 0.0031	 0.0058	 0.0139	 0.0245	 0.0103	 0.0194	 0.0464	
Weight w :  0.0634
Det det :  0.2813

*********  Gauss Point [25]  *********
Location£ºx =  0.2279, y =  0.2308, z =  1.4240
	r =  1.0150 dir = [-0.6124  0.0000  0.7906]
ShapeFunc sf [1~16]:
	 0.0099	 0.0018	 0.0333	 0.1858	 0.0330	 0.0059	 0.1110	 0.6193	-0.0000	-0.0000	-0.0001	-0.0003	-0.0000	-0.0000	-0.0002	-0.0009	
Derivative: dsf
	-0.0058	 0.0058	 0.1095	-0.1095	-0.0195	 0.0195	 0.3651	-0.3651	
	-0.0979	-0.0175	 0.0175	 0.0979	-0.3262	-0.0584	 0.0584	 0.3262	
	-0.0215	-0.0038	-0.0721	-0.4026	 0.0215	 0.0038	 0.0721	 0.4026	
Derivative: dxydsf
	-0.0078	 0.0078	 0.1461	-0.1461	-0.0260	 0.0260	 0.4869	-0.4869	-0.0001	-0.0000	-0.0005	-0.0011	-0.0002	-0.0001	-0.0015	-0.0036	
	 0.0429	 0.0077	 0.1442	 0.8051	-0.0429	-0.0077	-0.1442	-0.8051	-0.0001	-0.0000	-0.0002	-0.0012	 0.0001	 0.0000	 0.0002	 0.0012	
	-0.1305	-0.0234	 0.0234	 0.1305	-0.4349	-0.0779	 0.0779	 0.4349	 0.0003	 0.0001	 0.0003	 0.0015	 0.0010	 0.0002	 0.0009	 0.0050	
Weight w :  0.0603
Det det :  0.2813

*********  Gauss Point [26]  *********
Location£ºx =  0.7500, y =  0.2308, z =  0.9019
	r =  0.1809 dir = [ 0.0000  0.0000  1.0000]
ShapeFunc sf [1~16]:
	 0.0460	 0.0460	 0.0694	 0.0694	 0.1534	 0.1534	 0.2313	 0.2313	-0.0145	-0.0145	-0.0218	-0.0218	-0.0482	-0.0482	-0.0727	-0.0727	
Derivative: dsf
	-0.0460	 0.0460	 0.0694	-0.0694	-0.1534	 0.1534	 0.2313	-0.2313	
	-0.0577	-0.0577	 0.0577	 0.0577	-0.1923	-0.1923	 0.1923	 0.1923	
	-0.0997	-0.0997	-0.1503	-0.1503	 0.0997	 0.0997	 0.1503	 0.1503	
Derivative: dxydsf
	-0.0613	 0.0613	 0.0925	-0.0925	-0.2045	 0.2045	 0.3084	-0.3084	 0.0193	-0.0193	-0.0291	 0.0291	 0.0643	-0.0643	-0.0969	 0.0969	
	 0.1994	 0.1994	 0.3006	 0.3006	-0.1994	-0.1994	-0.3006	-0.3006	-0.0626	-0.0626	-0.0945	-0.0945	 0.0626	 0.0626	 0.0945	 0.0945	
	-0.0769	-0.0769	 0.0769	 0.0769	-0.2564	-0.2564	 0.2564	 0.2564	 0.1343	 0.1343	 0.1419	 0.1419	 0.4477	 0.4477	 0.4731	 0.4731	
Weight w :  0.0603
Det det :  0.2813

*********  Gauss Point [27]  *********
Location£ºx =  1.2721, y =  0.2308, z =  1.4240
	r =  1.0150 dir = [ 0.6124  0.0000  0.7906]
ShapeFunc sf [1~16]:
	 0.0018	 0.0099	 0.1858	 0.0333	 0.0059	 0.0330	 0.6193	 0.1110	-0.0000	-0.0000	-0.0003	-0.0001	-0.0000	-0.0000	-0.0009	-0.0002	
Derivative: dsf
	-0.0058	 0.0058	 0.1095	-0.1095	-0.0195	 0.0195	 0.3651	-0.3651	
	-0.0175	-0.0979	 0.0979	 0.0175	-0.0584	-0.3262	 0.3262	 0.0584	
	-0.0038	-0.0215	-0.4026	-0.0721	 0.0038	 0.0215	 0.4026	 0.0721	
Derivative: dxydsf
	-0.0078	 0.0078	 0.1461	-0.1461	-0.0260	 0.0260	 0.4869	-0.4869	 0.0000	 0.0001	 0.0011	 0.0005	 0.0001	 0.0002	 0.0036	 0.0015	
	 0.0077	 0.0429	 0.8051	 0.1442	-0.0077	-0.0429	-0.8051	-0.1442	-0.0000	-0.0001	-0.0012	-0.0002	 0.0000	 0.0001	 0.0012	 0.0002	
	-0.0234	-0.1305	 0.1305	 0.0234	-0.0779	-0.4349	 0.4349	 0.0779	 0.0001	 0.0003	 0.0015	 0.0003	 0.0002	 0.0010	 0.0050	 0.0009	
Weight w :  0.0603
Det det :  0.2812

*********  Gauss Point [28]  *********
Location£ºx =  0.7500, y =  0.0469, z =  1.2500
	r =  0.5952 dir = [ 0.0000  0.0000  1.0000]
ShapeFunc sf [1~16]:
	 0.0039	 0.0039	 0.0195	 0.0195	 0.0794	 0.0794	 0.3971	 0.3971	-0.0001	-0.0001	-0.0004	-0.0004	-0.0018	-0.0018	-0.0088	-0.0088	
Derivative: dsf
	-0.0039	 0.0039	 0.0195	-0.0195	-0.0794	 0.0794	 0.3971	-0.3971	
	-0.0117	-0.0117	 0.0117	 0.0117	-0.2383	-0.2383	 0.2383	 0.2383	
	-0.0417	-0.0417	-0.2083	-0.2083	 0.0417	 0.0417	 0.2083	 0.2083	
Derivative: dxydsf
	-0.0052	 0.0052	 0.0261	-0.0261	-0.1059	 0.1059	 0.5295	-0.5295	 0.0001	-0.0001	-0.0006	 0.0006	 0.0023	-0.0023	-0.0117	 0.0117	
	 0.0833	 0.0833	 0.4167	 0.4167	-0.0833	-0.0833	-0.4167	-0.4167	-0.0018	-0.0018	-0.0092	-0.0092	 0.0018	 0.0018	 0.0092	 0.0092	
	-0.0156	-0.0156	 0.0156	 0.0156	-0.3177	-0.3177	 0.3177	 0.3177	 0.0010	 0.0010	 0.0030	 0.0030	 0.0204	 0.0204	 0.0600	 0.0600	
Weight w :  0.0533
Det det :  0.2813

*********  Gauss Point [29]  *********
Location£ºx =  1.0578, y =  0.0469, z =  1.1474
	r =  0.5984 dir = [ 0.6124  0.0000  0.7906]
ShapeFunc sf [1~16]:
	 0.0033	 0.0078	 0.0253	 0.0106	 0.0660	 0.1580	 0.5141	 0.2149	-0.0001	-0.0002	-0.0005	-0.0002	-0.0014	-0.0034	-0.0112	-0.0047	
Derivative: dsf
	-0.0055	 0.0055	 0.0179	-0.0179	-0.1120	 0.1120	 0.3645	-0.3645	
	-0.0069	-0.0165	 0.0165	 0.0069	-0.1405	-0.3361	 0.3361	 0.1405	
	-0.0346	-0.0829	-0.2697	-0.1127	 0.0346	 0.0829	 0.2697	 0.1127	
Derivative: dxydsf
	-0.0074	 0.0074	 0.0239	-0.0239	-0.1494	 0.1494	 0.4860	-0.4860	 0.0005	 0.0006	 0.0020	 0.0016	 0.0099	 0.0128	 0.0415	 0.0323	
	 0.0693	 0.1658	 0.5394	 0.2255	-0.0693	-0.1658	-0.5394	-0.2255	-0.0015	-0.0036	-0.0117	-0.0049	 0.0015	 0.0036	 0.0117	 0.0049	
	-0.0092	-0.0221	 0.0221	 0.0092	-0.1873	-0.4481	 0.4481	 0.1873	 0.0006	 0.0015	 0.0028	 0.0012	 0.0127	 0.0304	 0.0575	 0.0240	
Weight w :  0.0314
Det det :  0.2813

*********  Gauss Point [30]  *********
Location£ºx =  0.7500, y =  0.0469, z =  1.4552
	r =  0.8395 dir = [ 0.0000  0.0000  1.0000]
ShapeFunc sf [1~16]:
	 0.0007	 0.0007	 0.0228	 0.0228	 0.0142	 0.0142	 0.4623	 0.4623	-0.0000	-0.0000	-0.0001	-0.0001	-0.0001	-0.0001	-0.0021	-0.0021	
Derivative: dsf
	-0.0007	 0.0007	 0.0228	-0.0228	-0.0142	 0.0142	 0.4623	-0.4623	
	-0.0117	-0.0117	 0.0117	 0.0117	-0.2383	-0.2383	 0.2383	 0.2383	
	-0.0075	-0.0075	-0.2425	-0.2425	 0.0075	 0.0075	 0.2425	 0.2425	
Derivative: dxydsf
	-0.0009	 0.0009	 0.0303	-0.0303	-0.0190	 0.0190	 0.6164	-0.6164	 0.0000	-0.0000	-0.0001	 0.0001	 0.0001	-0.0001	-0.0029	 0.0029	
	 0.0149	 0.0149	 0.4851	 0.4851	-0.0149	-0.0149	-0.4851	-0.4851	-0.0001	-0.0001	-0.0023	-0.0023	 0.0001	 0.0001	 0.0023	 0.0023	
	-0.0156	-0.0156	 0.0156	 0.0156	-0.3177	-0.3177	 0.3177	 0.3177	 0.0001	 0.0001	 0.0007	 0.0007	 0.0020	 0.0020	 0.0149	 0.0149	
Weight w :  0.0314
Det det :  0.2813

*********  Gauss Point [31]  *********
Location£ºx =  0.4422, y =  0.0469, z =  1.1474
	r =  0.5984 dir = [-0.6124  0.0000  0.7906]
ShapeFunc sf [1~16]:
	 0.0078	 0.0033	 0.0106	 0.0253	 0.1580	 0.0660	 0.2149	 0.5141	-0.0002	-0.0001	-0.0002	-0.0005	-0.0034	-0.0014	-0.0047	-0.0112	
Derivative: dsf
	-0.0055	 0.0055	 0.0179	-0.0179	-0.1120	 0.1120	 0.3645	-0.3645	
	-0.0165	-0.0069	 0.0069	 0.0165	-0.3361	-0.1405	 0.1405	 0.3361	
	-0.0829	-0.0346	-0.1127	-0.2697	 0.0829	 0.0346	 0.1127	 0.2697	
Derivative: dxydsf
	-0.0074	 0.0074	 0.0239	-0.0239	-0.1494	 0.1494	 0.4860	-0.4860	-0.0006	-0.0005	-0.0016	-0.0020	-0.0128	-0.0099	-0.0323	-0.0415	
	 0.1658	 0.0693	 0.2255	 0.5394	-0.1658	-0.0693	-0.2255	-0.5394	-0.0036	-0.0015	-0.0049	-0.0117	 0.0036	 0.0015	 0.0049	 0.0117	
	-0.0221	-0.0092	 0.0092	 0.0221	-0.4481	-0.1873	 0.1873	 0.4481	 0.0015	 0.0006	 0.0012	 0.0028	 0.0304	 0.0127	 0.0240	 0.0575	
Weight w :  0.0314
Det det :  0.2813

*********  Gauss Point [32]  *********
Location£ºx =  0.2279, y =  0.0469, z =  1.4240
	r =  1.0150 dir = [-0.6124 -0.0000  0.7906]
ShapeFunc sf [1~16]:
	 0.0020	 0.0004	 0.0068	 0.0378	 0.0409	 0.0073	 0.1375	 0.7674	-0.0000	-0.0000	-0.0000	-0.0001	-0.0001	-0.0000	-0.0002	-0.0012	
Derivative: dsf
	-0.0012	 0.0012	 0.0223	-0.0223	-0.0241	 0.0241	 0.4524	-0.4524	
	-0.0199	-0.0036	 0.0036	 0.0199	-0.4041	-0.0724	 0.0724	 0.4041	
	-0.0215	-0.0038	-0.0721	-0.4026	 0.0215	 0.0038	 0.0721	 0.4026	
Derivative: dxydsf
	-0.0016	 0.0016	 0.0297	-0.0297	-0.0322	 0.0322	 0.6032	-0.6032	-0.0000	-0.0000	-0.0001	-0.0002	-0.0002	-0.0001	-0.0019	-0.0045	
	 0.0429	 0.0077	 0.1442	 0.8051	-0.0429	-0.0077	-0.1442	-0.8051	-0.0001	-0.0000	-0.0002	-0.0012	 0.0001	 0.0000	 0.0002	 0.0012	
	-0.0265	-0.0048	 0.0048	 0.0265	-0.5389	-0.0965	 0.0965	 0.5389	 0.0001	 0.0000	 0.0001	 0.0003	 0.0012	 0.0002	 0.0011	 0.0062	
Weight w :  0.0298
Det det :  0.2813

*********  Gauss Point [33]  *********
Location£ºx =  0.7500, y =  0.0469, z =  0.9019
	r =  0.1809 dir = [ 0.0000 -0.0000  1.0000]
ShapeFunc sf [1~16]:
	 0.0094	 0.0094	 0.0141	 0.0141	 0.1900	 0.1900	 0.2865	 0.2865	-0.0029	-0.0029	-0.0044	-0.0044	-0.0597	-0.0597	-0.0900	-0.0900	
Derivative: dsf
	-0.0094	 0.0094	 0.0141	-0.0141	-0.1900	 0.1900	 0.2865	-0.2865	
	-0.0117	-0.0117	 0.0117	 0.0117	-0.2383	-0.2383	 0.2383	 0.2383	
	-0.0997	-0.0997	-0.1503	-0.1503	 0.0997	 0.0997	 0.1503	 0.1503	
Derivative: dxydsf
	-0.0125	 0.0125	 0.0188	-0.0188	-0.2533	 0.2533	 0.3821	-0.3821	 0.0039	-0.0039	-0.0059	 0.0059	 0.0796	-0.0796	-0.1201	 0.1201	
	 0.1994	 0.1994	 0.3006	 0.3006	-0.1994	-0.1994	-0.3006	-0.3006	-0.0626	-0.0626	-0.0945	-0.0945	 0.0626	 0.0626	 0.0945	 0.0945	
	-0.0156	-0.0156	 0.0156	 0.0156	-0.3177	-0.3177	 0.3177	 0.3177	 0.0273	 0.0273	 0.0289	 0.0289	 0.5547	 0.5547	 0.5862	 0.5862	
Weight w :  0.0298
Det det :  0.2813

*********  Gauss Point [34]  *********
Location£ºx =  1.2721, y =  0.0469, z =  1.4240
	r =  1.0150 dir = [ 0.6124 -0.0000  0.7906]
ShapeFunc sf [1~16]:
	 0.0004	 0.0020	 0.0378	 0.0068	 0.0073	 0.0409	 0.7674	 0.1375	-0.0000	-0.0000	-0.0001	-0.0000	-0.0000	-0.0001	-0.0012	-0.0002	
Derivative: dsf
	-0.0012	 0.0012	 0.0223	-0.0223	-0.0241	 0.0241	 0.4524	-0.4524	
	-0.0036	-0.0199	 0.0199	 0.0036	-0.0724	-0.4041	 0.4041	 0.0724	
	-0.0038	-0.0215	-0.4026	-0.0721	 0.0038	 0.0215	 0.4026	 0.0721	
Derivative: dxydsf
	-0.0016	 0.0016	 0.0297	-0.0297	-0.0322	 0.0322	 0.6032	-0.6032	 0.0000	 0.0000	 0.0002	 0.0001	 0.0001	 0.0002	 0.0045	 0.0019	
	 0.0077	 0.0429	 0.8051	 0.1442	-0.0077	-0.0429	-0.8051	-0.1442	-0.0000	-0.0001	-0.0012	-0.0002	 0.0000	 0.0001	 0.0012	 0.0002	
	-0.0048	-0.0265	 0.0265	 0.0048	-0.0965	-0.5389	 0.5389	 0.0965	 0.0000	 0.0001	 0.0003	 0.0001	 0.0002	 0.0012	 0.0062	 0.0011	
Weight w :  0.0298
Det det :  0.2813

*********  Gauss Point [35]  *********
Location£ºx =  1.2500, y =  0.9531, z =  0.7500
	r =  0.5952 dir = [ 1.0000  0.0000  0.0000]
ShapeFunc sf [1~16]:
	 0.0794	 0.3971	 0.3971	 0.0794	 0.0039	 0.0195	 0.0195	 0.0039	-0.0018	-0.0088	-0.0088	-0.0018	-0.0001	-0.0004	-0.0004	-0.0001	
Derivative: dsf
	-0.2383	 0.2383	 0.2383	-0.2383	-0.0117	 0.0117	 0.0117	-0.0117	
	-0.0794	-0.3971	 0.3971	 0.0794	-0.0039	-0.0195	 0.0195	 0.0039	
	-0.0417	-0.2083	-0.2083	-0.0417	 0.0417	 0.2083	 0.2083	 0.0417	
Derivative: dxydsf
	-0.3177	 0.3177	 0.3177	-0.3177	-0.0156	 0.0156	 0.0156	-0.0156	 0.0204	 0.0600	 0.0600	 0.0204	 0.0010	 0.0030	 0.0030	 0.0010	
	 0.0833	 0.4167	 0.4167	 0.0833	-0.0833	-0.4167	-0.4167	-0.0833	-0.0018	-0.0092	-0.0092	-0.0018	 0.0018	 0.0092	 0.0092	 0.0018	
	-0.1059	-0.5295	 0.5295	 0.1059	-0.0052	-0.0261	 0.0261	 0.0052	 0.0023	 0.0117	-0.0117	-0.0023	 0.0001	 0.0006	-0.0006	-0.0001	
Weight w :  0.0533
Det det :  0.2813

*********  Gauss Point [36]  *********
Location£ºx =  1.1474, y =  0.9531, z =  0.4422
	r =  0.5984 dir = [ 0.7906  0.0000 -0.6124]
ShapeFunc sf [1~16]:
	 0.1580	 0.5141	 0.2149	 0.0660	 0.0078	 0.0253	 0.0106	 0.0033	-0.0034	-0.0112	-0.0047	-0.0014	-0.0002	-0.0005	-0.0002	-0.0001	
Derivative: dsf
	-0.3361	 0.3361	 0.1405	-0.1405	-0.0165	 0.0165	 0.0069	-0.0069	
	-0.1120	-0.3645	 0.3645	 0.1120	-0.0055	-0.0179	 0.0179	 0.0055	
	-0.0829	-0.2697	-0.1127	-0.0346	 0.0829	 0.2697	 0.1127	 0.0346	
Derivative: dxydsf
	-0.4481	 0.4481	 0.1873	-0.1873	-0.0221	 0.0221	 0.0092	-0.0092	 0.0304	 0.0575	 0.0240	 0.0127	 0.0015	 0.0028	 0.0012	 0.0006	
	 0.1658	 0.5394	 0.2255	 0.0693	-0.1658	-0.5394	-0.2255	-0.0693	-0.0036	-0.0117	-0.0049	-0.0015	 0.0036	 0.0117	 0.0049	 0.0015	
	-0.1494	-0.4860	 0.4860	 0.1494	-0.0074	-0.0239	 0.0239	 0.0074	-0.0128	-0.0415	-0.0323	-0.0099	-0.0006	-0.0020	-0.0016	-0.0005	
Weight w :  0.0314
Det det :  0.2812

*********  Gauss Point [37]  *********
Location£ºx =  1.4552, y =  0.9531, z =  0.7500
	r =  0.8395 dir = [ 1.0000  0.0000  0.0000]
ShapeFunc sf [1~16]:
	 0.0142	 0.4623	 0.4623	 0.0142	 0.0007	 0.0228	 0.0228	 0.0007	-0.0001	-0.0021	-0.0021	-0.0001	-0.0000	-0.0001	-0.0001	-0.0000	
Derivative: dsf
	-0.2383	 0.2383	 0.2383	-0.2383	-0.0117	 0.0117	 0.0117	-0.0117	
	-0.0142	-0.4623	 0.4623	 0.0142	-0.0007	-0.0228	 0.0228	 0.0007	
	-0.0075	-0.2425	-0.2425	-0.0075	 0.0075	 0.2425	 0.2425	 0.0075	
Derivative: dxydsf
	-0.3177	 0.3177	 0.3177	-0.3177	-0.0156	 0.0156	 0.0156	-0.0156	 0.0020	 0.0149	 0.0149	 0.0020	 0.0001	 0.0007	 0.0007	 0.0001	
	 0.0149	 0.4851	 0.4851	 0.0149	-0.0149	-0.4851	-0.4851	-0.0149	-0.0001	-0.0023	-0.0023	-0.0001	 0.0001	 0.0023	 0.0023	 0.0001	
	-0.0190	-0.6164	 0.6164	 0.0190	-0.0009	-0.0303	 0.0303	 0.0009	 0.0001	 0.0029	-0.0029	-0.0001	 0.0000	 0.0001	-0.0001	-0.0000	
Weight w :  0.0314
Det det :  0.2813

*********  Gauss Point [38]  *********
Location£ºx =  1.1474, y =  0.9531, z =  1.0578
	r =  0.5984 dir = [ 0.7906  0.0000  0.6124]
ShapeFunc sf [1~16]:
	 0.0660	 0.2149	 0.5141	 0.1580	 0.0033	 0.0106	 0.0253	 0.0078	-0.0014	-0.0047	-0.0112	-0.0034	-0.0001	-0.0002	-0.0005	-0.0002	
Derivative: dsf
	-0.1405	 0.1405	 0.3361	-0.3361	-0.0069	 0.0069	 0.0165	-0.0165	
	-0.1120	-0.3645	 0.3645	 0.1120	-0.0055	-0.0179	 0.0179	 0.0055	
	-0.0346	-0.1127	-0.2697	-0.0829	 0.0346	 0.1127	 0.2697	 0.0829	
Derivative: dxydsf
	-0.1873	 0.1873	 0.4481	-0.4481	-0.0092	 0.0092	 0.0221	-0.0221	 0.0127	 0.0240	 0.0575	 0.0304	 0.0006	 0.0012	 0.0028	 0.0015	
	 0.0693	 0.2255	 0.5394	 0.1658	-0.0693	-0.2255	-0.5394	-0.1658	-0.0015	-0.0049	-0.0117	-0.0036	 0.0015	 0.0049	 0.0117	 0.0036	
	-0.1494	-0.4860	 0.4860	 0.1494	-0.0074	-0.0239	 0.0239	 0.0074	 0.0099	 0.0323	 0.0415	 0.0128	 0.0005	 0.0016	 0.0020	 0.0006	
Weight w :  0.0314
Det det :  0.2813

*********  Gauss Point [39]  *********
Location£ºx =  1.4240, y =  0.9531, z =  1.2721
	r =  1.0150 dir = [ 0.7906  0.0000  0.6124]
ShapeFunc sf [1~16]:
	 0.0073	 0.1375	 0.7674	 0.0409	 0.0004	 0.0068	 0.0378	 0.0020	-0.0000	-0.0002	-0.0012	-0.0001	-0.0000	-0.0000	-0.0001	-0.0000	
Derivative: dsf
	-0.0724	 0.0724	 0.4041	-0.4041	-0.0036	 0.0036	 0.0199	-0.0199	
	-0.0241	-0.4524	 0.4524	 0.0241	-0.0012	-0.0223	 0.0223	 0.0012	
	-0.0038	-0.0721	-0.4026	-0.0215	 0.0038	 0.0721	 0.4026	 0.0215	
Derivative: dxydsf
	-0.0965	 0.0965	 0.5389	-0.5389	-0.0048	 0.0048	 0.0265	-0.0265	 0.0002	 0.0011	 0.0062	 0.0012	 0.0000	 0.0001	 0.0003	 0.0001	
	 0.0077	 0.1442	 0.8051	 0.0429	-0.0077	-0.1442	-0.8051	-0.0429	-0.0000	-0.0002	-0.0012	-0.0001	 0.0000	 0.0002	 0.0012	 0.0001	
	-0.0322	-0.6032	 0.6032	 0.0322	-0.0016	-0.0297	 0.0297	 0.0016	 0.0001	 0.0019	 0.0045	 0.0002	 0.0000	 0.0001	 0.0002	 0.0000	
Weight w :  0.0298
Det det :  0.2813

*********  Gauss Point [40]  *********
Location£ºx =  0.9019, y =  0.9531, z =  0.7500
	r =  0.1809 dir = [ 1.0000  0.0000  0.0000]
ShapeFunc sf [1~16]:
	 0.1900	 0.2865	 0.2865	 0.1900	 0.0094	 0.0141	 0.0141	 0.0094	-0.0597	-0.0900	-0.0900	-0.0597	-0.0029	-0.0044	-0.0044	-0.0029	
Derivative: dsf
	-0.2383	 0.2383	 0.2383	-0.2383	-0.0117	 0.0117	 0.0117	-0.0117	
	-0.1900	-0.2865	 0.2865	 0.1900	-0.0094	-0.0141	 0.0141	 0.0094	
	-0.0997	-0.1503	-0.1503	-0.0997	 0.0997	 0.1503	 0.1503	 0.0997	
Derivative: dxydsf
	-0.3177	 0.3177	 0.3177	-0.3177	-0.0156	 0.0156	 0.0156	-0.0156	 0.5547	 0.5862	 0.5862	 0.5547	 0.0273	 0.0289	 0.0289	 0.0273	
	 0.1994	 0.3006	 0.3006	 0.1994	-0.1994	-0.3006	-0.3006	-0.1994	-0.0626	-0.0945	-0.0945	-0.0626	 0.0626	 0.0945	 0.0945	 0.0626	
	-0.2533	-0.3821	 0.3821	 0.2533	-0.0125	-0.0188	 0.0188	 0.0125	 0.0796	 0.1201	-0.1201	-0.0796	 0.0039	 0.0059	-0.0059	-0.0039	
Weight w :  0.0298
Det det :  0.2813

*********  Gauss Point [41]  *********
Location£ºx =  1.4240, y =  0.9531, z =  0.2279
	r =  1.0150 dir = [ 0.7906  0.0000 -0.6124]
ShapeFunc sf [1~16]:
	 0.0409	 0.7674	 0.1375	 0.0073	 0.0020	 0.0378	 0.0068	 0.0004	-0.0001	-0.0012	-0.0002	-0.0000	-0.0000	-0.0001	-0.0000	-0.0000	
Derivative: dsf
	-0.4041	 0.4041	 0.0724	-0.0724	-0.0199	 0.0199	 0.0036	-0.0036	
	-0.0241	-0.4524	 0.4524	 0.0241	-0.0012	-0.0223	 0.0223	 0.0012	
	-0.0215	-0.4026	-0.0721	-0.0038	 0.0215	 0.4026	 0.0721	 0.0038	
Derivative: dxydsf
